# Test Naif :
# BITS TEMPS
0  0.000000
1  0.000000
2  0.000002
3  0.000006
4  0.000002
5  0.000002
6  0.000001
7  0.000002
8  0.000002
9  0.000006
10  0.000007
11  0.000010
12  0.000016
13  0.000027
14  0.000053
15  0.000103
16  0.000170
17  0.000370
18  0.000869
19  0.000939
20  0.001784
21  0.003513
22  0.004032
23  0.006332
24  0.008732
25  0.011232
26  0.013832
27  0.016532
28  0.019332
29  0.022232
30  0.025232
31  0.028332
32  0.031532
33  0.034832
34  0.038232
35  0.041732
36  0.045332
37  0.049032
38  0.052832
39  0.056732
40  0.060732
41  0.064832
42  0.069032
43  0.073332
44  0.077732
45  0.082232
46  0.086832
47  0.091532
48  0.096332
49  0.101232
50  0.106232
51  0.111332
52  0.116532
53  0.121832
54  0.127232
55  0.132732
56  0.138332
57  0.144032
58  0.149832
59  0.155732
60  0.161732
61  0.167832
62  0.174032
63  0.180332
64  0.186732
65  0.193232
66  0.199832
67  0.206532
68  0.213332
69  0.220232
70  0.227232
71  0.234332
72  0.241532
73  0.248832
74  0.256232
75  0.263732
76  0.271332
77  0.279032
78  0.286832
79  0.294732
80  0.302732
81  0.310832
82  0.319032
83  0.327332
84  0.335732
85  0.344232
86  0.352832
87  0.361532
88  0.370332
89  0.379232
90  0.388232
91  0.397332
92  0.406532
93  0.415832
94  0.425232
95  0.434732
96  0.444332
97  0.454032
98  0.463832
99  0.473732
100  0.483732
101  0.493832
102  0.504032
103  0.514332
104  0.524732
105  0.535232
106  0.545832
107  0.556532
108  0.567332
109  0.578232
110  0.589232
111  0.600332
112  0.611532
113  0.622832
114  0.634232
115  0.645732
116  0.657332
117  0.669032
118  0.680832
119  0.692732
120  0.704732
121  0.716832
122  0.729032
123  0.741332
124  0.753732
125  0.766232
126  0.778832
127  0.791532
128  0.804332
129  0.817232
130  0.830232
131  0.843332
132  0.856532
133  0.869832
134  0.883232
135  0.896732
136  0.910332
137  0.924032
138  0.937832
139  0.951732
140  0.965732
141  0.979832
142  0.994032
143  1.008332
144  1.022732
145  1.037232
146  1.051832
147  1.066532
148  1.081332
149  1.096232
150  1.111232
151  1.126332
152  1.141532
153  1.156832
154  1.172232
155  1.187732
156  1.203332
157  1.219032
158  1.234832
159  1.250732
160  1.266732
161  1.282832
162  1.299032
163  1.315332
164  1.331732
165  1.348232
166  1.364832
167  1.381532
168  1.398332
169  1.415232
170  1.432232
171  1.449332
172  1.466532
173  1.483832
174  1.501232
175  1.518732
176  1.536332
177  1.554032
178  1.571832
179  1.589732
180  1.607732
181  1.625832
182  1.644032
183  1.662332
184  1.680732
185  1.699232
186  1.717832
187  1.736532
188  1.755332
189  1.774232
190  1.793232
191  1.812332
192  1.831532
193  1.850832
194  1.870232
195  1.889732
196  1.909332
197  1.929032
198  1.948832
199  1.968732
200  1.988732
201  2.008832
202  2.029032
203  2.049332
204  2.069732
205  2.090232
206  2.110832
207  2.131532
208  2.152332
209  2.173232
210  2.194232
211  2.215332
212  2.236532
213  2.257832
214  2.279232
215  2.300732
216  2.322332
217  2.344032
218  2.365832
219  2.387732
220  2.409732
221  2.431832
222  2.454032
223  2.476332
224  2.498732
225  2.521232
226  2.543832
227  2.566532
228  2.589332
229  2.612232
230  2.635232
231  2.658332
232  2.681532
233  2.704832
234  2.728232
235  2.751732
236  2.775332
237  2.799032
238  2.822832
239  2.846732
240  2.870732
241  2.894832
242  2.919032
243  2.943332
244  2.967732
245  2.992232
246  3.016832
247  3.041532
248  3.066332
249  3.091232
250  3.116232
251  3.141332
252  3.166532
253  3.191832
254  3.217232
255  3.242732
256  3.268332
257  3.294032
258  3.319832
259  3.345732
260  3.371732
261  3.397832
262  3.424032
263  3.450332
264  3.476732
265  3.503232
266  3.529832
267  3.556532
268  3.583332
269  3.610232
270  3.637232
271  3.664332
272  3.691532
273  3.718832
274  3.746232
275  3.773732
276  3.801332
277  3.829032
278  3.856832
279  3.884732
280  3.912732
281  3.940832
282  3.969032
283  3.997332
284  4.025732
285  4.054232
286  4.082832
287  4.111532
288  4.140332
289  4.169232
290  4.198232
291  4.227332
292  4.256532
293  4.285832
294  4.315232
295  4.344732
296  4.374332
297  4.404032
298  4.433832
299  4.463732
300  4.493732
301  4.523832
302  4.554032
303  4.584332
304  4.614732
305  4.645232
306  4.675832
307  4.706532
308  4.737332
309  4.768232
310  4.799232
311  4.830332
312  4.861532
313  4.892832
314  4.924232
315  4.955732
316  4.987332
317  5.019032
318  5.050832
319  5.082732
320  5.114732
321  5.146832
322  5.179032
323  5.211332
324  5.243732
325  5.276232
326  5.308832
327  5.341532
328  5.374332
329  5.407232
330  5.440232
331  5.473332
332  5.506532
333  5.539832
334  5.573232
335  5.606732
336  5.640332
337  5.674032
338  5.707832
339  5.741732
340  5.775732
341  5.809832
342  5.844032
343  5.878332
344  5.912732
345  5.947232
346  5.981832
347  6.016532
348  6.051332
349  6.086232
350  6.121232
351  6.156332
352  6.191532
353  6.226832
354  6.262232
355  6.297732
356  6.333332
357  6.369032
358  6.404832
359  6.440732
360  6.476732
361  6.512832
362  6.549032
363  6.585332
364  6.621732
365  6.658232
366  6.694832
367  6.731532
368  6.768332
369  6.805232
370  6.842232
371  6.879332
372  6.916532
373  6.953832
374  6.991232
375  7.028732
376  7.066332
377  7.104032
378  7.141832
379  7.179732
380  7.217732
381  7.255832
382  7.294032
383  7.332332
384  7.370732
385  7.409232
386  7.447832
387  7.486532
388  7.525332
389  7.564232
390  7.603232
391  7.642332
392  7.681532
393  7.720832
394  7.760232
395  7.799732
396  7.839332
397  7.879032
398  7.918832
399  7.958732
400  7.998732
401  8.038832
402  8.079032
403  8.119332
404  8.159732
405  8.200232
406  8.240832
407  8.281532
408  8.322332
409  8.363232
410  8.404232
411  8.445332
412  8.486532
413  8.527832
414  8.569232
415  8.610732
416  8.652332
417  8.694032
418  8.735832
419  8.777732
420  8.819732
421  8.861832
422  8.904032
423  8.946332
424  8.988732
425  9.031232
426  9.073832
427  9.116532
428  9.159332
429  9.202232
430  9.245232
431  9.288332
432  9.331532
433  9.374832
434  9.418232
435  9.461732
436  9.505332
437  9.549032
438  9.592832
439  9.636732
440  9.680732
441  9.724832
442  9.769032
443  9.813332
444  9.857732
445  9.902232
446  9.946832
447  9.991532
448  10.036332
449  10.081232
450  10.126232
451  10.171332
452  10.216532
453  10.261832
454  10.307232
455  10.352732
456  10.398332
457  10.444032
458  10.489832
459  10.535732
460  10.581732
461  10.627832
462  10.674032
463  10.720332
464  10.766732
465  10.813232
466  10.859832
467  10.906532
468  10.953332
469  11.000232
470  11.047232
471  11.094332
472  11.141532
473  11.188832
474  11.236232
475  11.283732
476  11.331332
477  11.379032
478  11.426832
479  11.474732
480  11.522732
481  11.570832
482  11.619032
483  11.667332
484  11.715732
485  11.764232
486  11.812832
487  11.861532
488  11.910332
489  11.959232
490  12.008232
491  12.057332
492  12.106532
493  12.155832
494  12.205232
495  12.254732
496  12.304332
497  12.354032
498  12.403832
499  12.453732
500  12.503732
501  12.553832
502  12.604032
503  12.654332
504  12.704732
505  12.755232
506  12.805832
507  12.856532
508  12.907332
509  12.958232
510  13.009232
511  13.060332
512  13.111532
513  13.162832
514  13.214232
515  13.265732
516  13.317332
517  13.369032
518  13.420832
519  13.472732
520  13.524732
521  13.576832
522  13.629032
523  13.681332
524  13.733732
525  13.786232
526  13.838832
527  13.891532
528  13.944332
529  13.997232
530  14.050232
531  14.103332
532  14.156532
533  14.209832
534  14.263232
535  14.316732
536  14.370332
537  14.424032
538  14.477832
539  14.531732
540  14.585732
541  14.639832
542  14.694032
543  14.748332
544  14.802732
545  14.857232
546  14.911832
547  14.966532
548  15.021332
549  15.076232
550  15.131232
551  15.186332
552  15.241532
553  15.296832
554  15.352232
555  15.407732
556  15.463332
557  15.519032
558  15.574832
559  15.630732
560  15.686732
561  15.742832
562  15.799032
563  15.855332
564  15.911732
565  15.968232
566  16.024832
567  16.081532
568  16.138332
569  16.195232
570  16.252232
571  16.309332
572  16.366532
573  16.423832
574  16.481232
575  16.538732
576  16.596332
577  16.654032
578  16.711832
579  16.769732
580  16.827732
581  16.885832
582  16.944032
583  17.002332
584  17.060732
585  17.119232
586  17.177832
587  17.236532
588  17.295332
589  17.354232
590  17.413232
591  17.472332
592  17.531532
593  17.590832
594  17.650232
595  17.709732
596  17.769332
597  17.829032
598  17.888832
599  17.948732
600  18.008732
601  18.068832
602  18.129032
603  18.189332
604  18.249732
605  18.310232
606  18.370832
607  18.431532
608  18.492332
609  18.553232
610  18.614232
611  18.675332
612  18.736532
613  18.797832
614  18.859232
615  18.920732
616  18.982332
617  19.044032
618  19.105832
619  19.167732
620  19.229732
621  19.291832
622  19.354032
623  19.416332
624  19.478732
625  19.541232
626  19.603832
627  19.666532
628  19.729332
629  19.792232
630  19.855232
631  19.918332
632  19.981532
633  20.044832
634  20.108232
635  20.171732
636  20.235332
637  20.299032
638  20.362832
639  20.426732
640  20.490732
641  20.554832
642  20.619032
643  20.683332
644  20.747732
645  20.812232
646  20.876832
647  20.941532
648  21.006332
649  21.071232
650  21.136232
651  21.201332
652  21.266532
653  21.331832
654  21.397232
655  21.462732
656  21.528332
657  21.594032
658  21.659832
659  21.725732
660  21.791732
661  21.857832
662  21.924032
663  21.990332
664  22.056732
665  22.123232
666  22.189832
667  22.256532
668  22.323332
669  22.390232
670  22.457232
671  22.524332
672  22.591532
673  22.658832
674  22.726232
675  22.793732
676  22.861332
677  22.929032
678  22.996832
679  23.064732
680  23.132732
681  23.200832
682  23.269032
683  23.337332
684  23.405732
685  23.474232
686  23.542832
687  23.611532
688  23.680332
689  23.749232
690  23.818232
691  23.887332
692  23.956532
693  24.025832
694  24.095232
695  24.164732
696  24.234332
697  24.304032
698  24.373832
699  24.443732
700  24.513732
701  24.583832
702  24.654032
703  24.724332
704  24.794732
705  24.865232
706  24.935832
707  25.006532
708  25.077332
709  25.148232
710  25.219232
711  25.290332
712  25.361532
713  25.432832
714  25.504232
715  25.575732
716  25.647332
717  25.719032
718  25.790832
719  25.862732
720  25.934732
721  26.006832
722  26.079032
723  26.151332
724  26.223732
725  26.296232
726  26.368832
727  26.441532
728  26.514332
729  26.587232
730  26.660232
731  26.733332
732  26.806532
733  26.879832
734  26.953232
735  27.026732
736  27.100332
737  27.174032
738  27.247832
739  27.321732
740  27.395732
741  27.469832
742  27.544032
743  27.618332
744  27.692732
745  27.767232
746  27.841832
747  27.916532
748  27.991332
749  28.066232
750  28.141232
751  28.216332
752  28.291532
753  28.366832
754  28.442232
755  28.517732
756  28.593332
757  28.669032
758  28.744832
759  28.820732
760  28.896732
761  28.972832
762  29.049032
763  29.125332
764  29.201732
765  29.278232
766  29.354832
767  29.431532
768  29.508332
769  29.585232
770  29.662232
771  29.739332
772  29.816532
773  29.893832
774  29.971232
775  30.048732
776  30.126332
777  30.204032
778  30.281832
779  30.359732
780  30.437732
781  30.515832
782  30.594032
783  30.672332
784  30.750732
785  30.829232
786  30.907832
787  30.986532
788  31.065332
789  31.144232
790  31.223232
791  31.302332
792  31.381532
793  31.460832
794  31.540232
795  31.619732
796  31.699332
797  31.779032
798  31.858832
799  31.938732
800  32.018732
801  32.098832
802  32.179032
803  32.259332
804  32.339732
805  32.420232
806  32.500832
807  32.581532
808  32.662332
809  32.743232
810  32.824232
811  32.905332
812  32.986532
813  33.067832
814  33.149232
815  33.230732
816  33.312332
817  33.394032
818  33.475832
819  33.557732
820  33.639732
821  33.721832
822  33.804032
823  33.886332
824  33.968732
825  34.051232
826  34.133832
827  34.216532
828  34.299332
829  34.382232
830  34.465232
831  34.548332
832  34.631532
833  34.714832
834  34.798232
835  34.881732
836  34.965332
837  35.049032
838  35.132832
839  35.216732
840  35.300732
841  35.384832
842  35.469032
843  35.553332
844  35.637732
845  35.722232
846  35.806832
847  35.891532
848  35.976332
849  36.061232
850  36.146232
851  36.231332
852  36.316532
853  36.401832
854  36.487232
855  36.572732
856  36.658332
857  36.744032
858  36.829832
859  36.915732
860  37.001732
861  37.087832
862  37.174032
863  37.260332
864  37.346732
865  37.433232
866  37.519832
867  37.606532
868  37.693332
869  37.780232
870  37.867232
871  37.954332
872  38.041532
873  38.128832
874  38.216232
875  38.303732
876  38.391332
877  38.479032
878  38.566832
879  38.654732
880  38.742732
881  38.830832
882  38.919032
883  39.007332
884  39.095732
885  39.184232
886  39.272832
887  39.361532
888  39.450332
889  39.539232
890  39.628232
891  39.717332
892  39.806532
893  39.895832
894  39.985232
895  40.074732
896  40.164332
897  40.254032
898  40.343832
899  40.433732
900  40.523732
901  40.613832
902  40.704032
903  40.794332
904  40.884732
905  40.975232
906  41.065832
907  41.156532
908  41.247332
909  41.338232
910  41.429232
911  41.520332
912  41.611532
913  41.702832
914  41.794232
915  41.885732
916  41.977332
917  42.069032
918  42.160832
919  42.252732
920  42.344732
921  42.436832
922  42.529032
923  42.621332
924  42.713732
925  42.806232
926  42.898832
927  42.991532
928  43.084332
929  43.177232
930  43.270232
931  43.363332
932  43.456532
933  43.549832
934  43.643232
935  43.736732
936  43.830332
937  43.924032
938  44.017832
939  44.111732
940  44.205732
941  44.299832
942  44.394032
943  44.488332
944  44.582732
945  44.677232
946  44.771832
947  44.866532
948  44.961332
949  45.056232
950  45.151232
951  45.246332
952  45.341532
953  45.436832
954  45.532232
955  45.627732
956  45.723332
957  45.819032
958  45.914832
959  46.010732
960  46.106732
961  46.202832
962  46.299032
963  46.395332
964  46.491732
965  46.588232
966  46.684832
967  46.781532
968  46.878332
969  46.975232
970  47.072232
971  47.169332
972  47.266532
973  47.363832
974  47.461232
975  47.558732
976  47.656332
977  47.754032
978  47.851832
979  47.949732
980  48.047732
981  48.145832
982  48.244032
983  48.342332
984  48.440732
985  48.539232
986  48.637832
987  48.736532
988  48.835332
989  48.934232
990  49.033232
991  49.132332
992  49.231532
993  49.330832
994  49.430232
995  49.529732
996  49.629332
997  49.729032
998  49.828832
999  49.928732
1000  50.028732
1001  50.128832
1002  50.229032
1003  50.329332
1004  50.429732
1005  50.530232
1006  50.630832
1007  50.731532
1008  50.832332
1009  50.933232
1010  51.034232
1011  51.135332
1012  51.236532
1013  51.337832
1014  51.439232
1015  51.540732
1016  51.642332
1017  51.744032
1018  51.845832
1019  51.947732
1020  52.049732
1021  52.151832
1022  52.254032
1023  52.356332
1024  52.458732


# Test Wilson :
# BITS TEMPS
0  0.000000
1  0.000000
2  0.000002
3  0.000001
4  0.000002
5  0.000002
6  0.000001
7  0.000001
8  0.000001
9  0.000054
10  0.000006
11  0.000011
12  0.000311
13  0.003287
14  0.000729
15  0.011212
16  0.251640
17  0.253340
18  0.255140
19  0.257040
20  0.259040
21  0.261140
22  0.263340
23  0.265640
24  0.268040
25  0.270540
26  0.273140
27  0.275840
28  0.278640
29  0.281540
30  0.284540
31  0.287640
32  0.290840
33  0.294140
34  0.297540
35  0.301040
36  0.304640
37  0.308340
38  0.312140
39  0.316040
40  0.320040
41  0.324140
42  0.328340
43  0.332640
44  0.337040
45  0.341540
46  0.346140
47  0.350840
48  0.355640
49  0.360540
50  0.365540
51  0.370640
52  0.375840
53  0.381140
54  0.386540
55  0.392040
56  0.397640
57  0.403340
58  0.409140
59  0.415040
60  0.421040
61  0.427140
62  0.433340
63  0.439640
64  0.446040
65  0.452540
66  0.459140
67  0.465840
68  0.472640
69  0.479540
70  0.486540
71  0.493640
72  0.500840
73  0.508140
74  0.515540
75  0.523040
76  0.530640
77  0.538340
78  0.546140
79  0.554040
80  0.562040
81  0.570140
82  0.578340
83  0.586640
84  0.595040
85  0.603540
86  0.612140
87  0.620840
88  0.629640
89  0.638540
90  0.647540
91  0.656640
92  0.665840
93  0.675140
94  0.684540
95  0.694040
96  0.703640
97  0.713340
98  0.723140
99  0.733040
100  0.743040
101  0.753140
102  0.763340
103  0.773640
104  0.784040
105  0.794540
106  0.805140
107  0.815840
108  0.826640
109  0.837540
110  0.848540
111  0.859640
112  0.870840
113  0.882140
114  0.893540
115  0.905040
116  0.916640
117  0.928340
118  0.940140
119  0.952040
120  0.964040
121  0.976140
122  0.988340
123  1.000640
124  1.013040
125  1.025540
126  1.038140
127  1.050840
128  1.063640
129  1.076540
130  1.089540
131  1.102640
132  1.115840
133  1.129140
134  1.142540
135  1.156040
136  1.169640
137  1.183340
138  1.197140
139  1.211040
140  1.225040
141  1.239140
142  1.253340
143  1.267640
144  1.282040
145  1.296540
146  1.311140
147  1.325840
148  1.340640
149  1.355540
150  1.370540
151  1.385640
152  1.400840
153  1.416140
154  1.431540
155  1.447040
156  1.462640
157  1.478340
158  1.494140
159  1.510040
160  1.526040
161  1.542140
162  1.558340
163  1.574640
164  1.591040
165  1.607540
166  1.624140
167  1.640840
168  1.657640
169  1.674540
170  1.691540
171  1.708640
172  1.725840
173  1.743140
174  1.760540
175  1.778040
176  1.795640
177  1.813340
178  1.831140
179  1.849040
180  1.867040
181  1.885140
182  1.903340
183  1.921640
184  1.940040
185  1.958540
186  1.977140
187  1.995840
188  2.014640
189  2.033540
190  2.052540
191  2.071640
192  2.090840
193  2.110140
194  2.129540
195  2.149040
196  2.168640
197  2.188340
198  2.208140
199  2.228040
200  2.248040
201  2.268140
202  2.288340
203  2.308640
204  2.329040
205  2.349540
206  2.370140
207  2.390840
208  2.411640
209  2.432540
210  2.453540
211  2.474640
212  2.495840
213  2.517140
214  2.538540
215  2.560040
216  2.581640
217  2.603340
218  2.625140
219  2.647040
220  2.669040
221  2.691140
222  2.713340
223  2.735640
224  2.758040
225  2.780540
226  2.803140
227  2.825840
228  2.848640
229  2.871540
230  2.894540
231  2.917640
232  2.940840
233  2.964140
234  2.987540
235  3.011040
236  3.034640
237  3.058340
238  3.082140
239  3.106040
240  3.130040
241  3.154140
242  3.178340
243  3.202640
244  3.227040
245  3.251540
246  3.276140
247  3.300840
248  3.325640
249  3.350540
250  3.375540
251  3.400640
252  3.425840
253  3.451140
254  3.476540
255  3.502040
256  3.527640
257  3.553340
258  3.579140
259  3.605040
260  3.631040
261  3.657140
262  3.683340
263  3.709640
264  3.736040
265  3.762540
266  3.789140
267  3.815840
268  3.842640
269  3.869540
270  3.896540
271  3.923640
272  3.950840
273  3.978140
274  4.005540
275  4.033040
276  4.060640
277  4.088340
278  4.116140
279  4.144040
280  4.172040
281  4.200140
282  4.228340
283  4.256640
284  4.285040
285  4.313540
286  4.342140
287  4.370840
288  4.399640
289  4.428540
290  4.457540
291  4.486640
292  4.515840
293  4.545140
294  4.574540
295  4.604040
296  4.633640
297  4.663340
298  4.693140
299  4.723040
300  4.753040
301  4.783140
302  4.813340
303  4.843640
304  4.874040
305  4.904540
306  4.935140
307  4.965840
308  4.996640
309  5.027540
310  5.058540
311  5.089640
312  5.120840
313  5.152140
314  5.183540
315  5.215040
316  5.246640
317  5.278340
318  5.310140
319  5.342040
320  5.374040
321  5.406140
322  5.438340
323  5.470640
324  5.503040
325  5.535540
326  5.568140
327  5.600840
328  5.633640
329  5.666540
330  5.699540
331  5.732640
332  5.765840
333  5.799140
334  5.832540
335  5.866040
336  5.899640
337  5.933340
338  5.967140
339  6.001040
340  6.035040
341  6.069140
342  6.103340
343  6.137640
344  6.172040
345  6.206540
346  6.241140
347  6.275840
348  6.310640
349  6.345540
350  6.380540
351  6.415640
352  6.450840
353  6.486140
354  6.521540
355  6.557040
356  6.592640
357  6.628340
358  6.664140
359  6.700040
360  6.736040
361  6.772140
362  6.808340
363  6.844640
364  6.881040
365  6.917540
366  6.954140
367  6.990840
368  7.027640
369  7.064540
370  7.101540
371  7.138640
372  7.175840
373  7.213140
374  7.250540
375  7.288040
376  7.325640
377  7.363340
378  7.401140
379  7.439040
380  7.477040
381  7.515140
382  7.553340
383  7.591640
384  7.630040
385  7.668540
386  7.707140
387  7.745840
388  7.784640
389  7.823540
390  7.862540
391  7.901640
392  7.940840
393  7.980140
394  8.019540
395  8.059040
396  8.098640
397  8.138340
398  8.178140
399  8.218040
400  8.258040
401  8.298140
402  8.338340
403  8.378640
404  8.419040
405  8.459540
406  8.500140
407  8.540840
408  8.581640
409  8.622540
410  8.663540
411  8.704640
412  8.745840
413  8.787140
414  8.828540
415  8.870040
416  8.911640
417  8.953340
418  8.995140
419  9.037040
420  9.079040
421  9.121140
422  9.163340
423  9.205640
424  9.248040
425  9.290540
426  9.333140
427  9.375840
428  9.418640
429  9.461540
430  9.504540
431  9.547640
432  9.590840
433  9.634140
434  9.677540
435  9.721040
436  9.764640
437  9.808340
438  9.852140
439  9.896040
440  9.940040
441  9.984140
442  10.028340
443  10.072640
444  10.117040
445  10.161540
446  10.206140
447  10.250840
448  10.295640
449  10.340540
450  10.385540
451  10.430640
452  10.475840
453  10.521140
454  10.566540
455  10.612040
456  10.657640
457  10.703340
458  10.749140
459  10.795040
460  10.841040
461  10.887140
462  10.933340
463  10.979640
464  11.026040
465  11.072540
466  11.119140
467  11.165840
468  11.212640
469  11.259540
470  11.306540
471  11.353640
472  11.400840
473  11.448140
474  11.495540
475  11.543040
476  11.590640
477  11.638340
478  11.686140
479  11.734040
480  11.782040
481  11.830140
482  11.878340
483  11.926640
484  11.975040
485  12.023540
486  12.072140
487  12.120840
488  12.169640
489  12.218540
490  12.267540
491  12.316640
492  12.365840
493  12.415140
494  12.464540
495  12.514040
496  12.563640
497  12.613340
498  12.663140
499  12.713040
500  12.763040
501  12.813140
502  12.863340
503  12.913640
504  12.964040
505  13.014540
506  13.065140
507  13.115840
508  13.166640
509  13.217540
510  13.268540
511  13.319640
512  13.370840
513  13.422140
514  13.473540
515  13.525040
516  13.576640
517  13.628340
518  13.680140
519  13.732040
520  13.784040
521  13.836140
522  13.888340
523  13.940640
524  13.993040
525  14.045540
526  14.098140
527  14.150840
528  14.203640
529  14.256540
530  14.309540
531  14.362640
532  14.415840
533  14.469140
534  14.522540
535  14.576040
536  14.629640
537  14.683340
538  14.737140
539  14.791040
540  14.845040
541  14.899140
542  14.953340
543  15.007640
544  15.062040
545  15.116540
546  15.171140
547  15.225840
548  15.280640
549  15.335540
550  15.390540
551  15.445640
552  15.500840
553  15.556140
554  15.611540
555  15.667040
556  15.722640
557  15.778340
558  15.834140
559  15.890040
560  15.946040
561  16.002140
562  16.058340
563  16.114640
564  16.171040
565  16.227540
566  16.284140
567  16.340840
568  16.397640
569  16.454540
570  16.511540
571  16.568640
572  16.625840
573  16.683140
574  16.740540
575  16.798040
576  16.855640
577  16.913340
578  16.971140
579  17.029040
580  17.087040
581  17.145140
582  17.203340
583  17.261640
584  17.320040
585  17.378540
586  17.437140
587  17.495840
588  17.554640
589  17.613540
590  17.672540
591  17.731640
592  17.790840
593  17.850140
594  17.909540
595  17.969040
596  18.028640
597  18.088340
598  18.148140
599  18.208040
600  18.268040
601  18.328140
602  18.388340
603  18.448640
604  18.509040
605  18.569540
606  18.630140
607  18.690840
608  18.751640
609  18.812540
610  18.873540
611  18.934640
612  18.995840
613  19.057140
614  19.118540
615  19.180040
616  19.241640
617  19.303340
618  19.365140
619  19.427040
620  19.489040
621  19.551140
622  19.613340
623  19.675640
624  19.738040
625  19.800540
626  19.863140
627  19.925840
628  19.988640
629  20.051540
630  20.114540
631  20.177640
632  20.240840
633  20.304140
634  20.367540
635  20.431040
636  20.494640
637  20.558340
638  20.622140
639  20.686040
640  20.750040
641  20.814140
642  20.878340
643  20.942640
644  21.007040
645  21.071540
646  21.136140
647  21.200840
648  21.265640
649  21.330540
650  21.395540
651  21.460640
652  21.525840
653  21.591140
654  21.656540
655  21.722040
656  21.787640
657  21.853340
658  21.919140
659  21.985040
660  22.051040
661  22.117140
662  22.183340
663  22.249640
664  22.316040
665  22.382540
666  22.449140
667  22.515840
668  22.582640
669  22.649540
670  22.716540
671  22.783640
672  22.850840
673  22.918140
674  22.985540
675  23.053040
676  23.120640
677  23.188340
678  23.256140
679  23.324040
680  23.392040
681  23.460140
682  23.528340
683  23.596640
684  23.665040
685  23.733540
686  23.802140
687  23.870840
688  23.939640
689  24.008540
690  24.077540
691  24.146640
692  24.215840
693  24.285140
694  24.354540
695  24.424040
696  24.493640
697  24.563340
698  24.633140
699  24.703040
700  24.773040
701  24.843140
702  24.913340
703  24.983640
704  25.054040
705  25.124540
706  25.195140
707  25.265840
708  25.336640
709  25.407540
710  25.478540
711  25.549640
712  25.620840
713  25.692140
714  25.763540
715  25.835040
716  25.906640
717  25.978340
718  26.050140
719  26.122040
720  26.194040
721  26.266140
722  26.338340
723  26.410640
724  26.483040
725  26.555540
726  26.628140
727  26.700840
728  26.773640
729  26.846540
730  26.919540
731  26.992640
732  27.065840
733  27.139140
734  27.212540
735  27.286040
736  27.359640
737  27.433340
738  27.507140
739  27.581040
740  27.655040
741  27.729140
742  27.803340
743  27.877640
744  27.952040
745  28.026540
746  28.101140
747  28.175840
748  28.250640
749  28.325540
750  28.400540
751  28.475640
752  28.550840
753  28.626140
754  28.701540
755  28.777040
756  28.852640
757  28.928340
758  29.004140
759  29.080040
760  29.156040
761  29.232140
762  29.308340
763  29.384640
764  29.461040
765  29.537540
766  29.614140
767  29.690840
768  29.767640
769  29.844540
770  29.921540
771  29.998640
772  30.075840
773  30.153140
774  30.230540
775  30.308040
776  30.385640
777  30.463340
778  30.541140
779  30.619040
780  30.697040
781  30.775140
782  30.853340
783  30.931640
784  31.010040
785  31.088540
786  31.167140
787  31.245840
788  31.324640
789  31.403540
790  31.482540
791  31.561640
792  31.640840
793  31.720140
794  31.799540
795  31.879040
796  31.958640
797  32.038340
798  32.118140
799  32.198040
800  32.278040
801  32.358140
802  32.438340
803  32.518640
804  32.599040
805  32.679540
806  32.760140
807  32.840840
808  32.921640
809  33.002540
810  33.083540
811  33.164640
812  33.245840
813  33.327140
814  33.408540
815  33.490040
816  33.571640
817  33.653340
818  33.735140
819  33.817040
820  33.899040
821  33.981140
822  34.063340
823  34.145640
824  34.228040
825  34.310540
826  34.393140
827  34.475840
828  34.558640
829  34.641540
830  34.724540
831  34.807640
832  34.890840
833  34.974140
834  35.057540
835  35.141040
836  35.224640
837  35.308340
838  35.392140
839  35.476040
840  35.560040
841  35.644140
842  35.728340
843  35.812640
844  35.897040
845  35.981540
846  36.066140
847  36.150840
848  36.235640
849  36.320540
850  36.405540
851  36.490640
852  36.575840
853  36.661140
854  36.746540
855  36.832040
856  36.917640
857  37.003340
858  37.089140
859  37.175040
860  37.261040
861  37.347140
862  37.433340
863  37.519640
864  37.606040
865  37.692540
866  37.779140
867  37.865840
868  37.952640
869  38.039540
870  38.126540
871  38.213640
872  38.300840
873  38.388140
874  38.475540
875  38.563040
876  38.650640
877  38.738340
878  38.826140
879  38.914040
880  39.002040
881  39.090140
882  39.178340
883  39.266640
884  39.355040
885  39.443540
886  39.532140
887  39.620840
888  39.709640
889  39.798540
890  39.887540
891  39.976640
892  40.065840
893  40.155140
894  40.244540
895  40.334040
896  40.423640
897  40.513340
898  40.603140
899  40.693040
900  40.783040
901  40.873140
902  40.963340
903  41.053640
904  41.144040
905  41.234540
906  41.325140
907  41.415840
908  41.506640
909  41.597540
910  41.688540
911  41.779640
912  41.870840
913  41.962140
914  42.053540
915  42.145040
916  42.236640
917  42.328340
918  42.420140
919  42.512040
920  42.604040
921  42.696140
922  42.788340
923  42.880640
924  42.973040
925  43.065540
926  43.158140
927  43.250840
928  43.343640
929  43.436540
930  43.529540
931  43.622640
932  43.715840
933  43.809140
934  43.902540
935  43.996040
936  44.089640
937  44.183340
938  44.277140
939  44.371040
940  44.465040
941  44.559140
942  44.653340
943  44.747640
944  44.842040
945  44.936540
946  45.031140
947  45.125840
948  45.220640
949  45.315540
950  45.410540
951  45.505640
952  45.600840
953  45.696140
954  45.791540
955  45.887040
956  45.982640
957  46.078340
958  46.174140
959  46.270040
960  46.366040
961  46.462140
962  46.558340
963  46.654640
964  46.751040
965  46.847540
966  46.944140
967  47.040840
968  47.137640
969  47.234540
970  47.331540
971  47.428640
972  47.525840
973  47.623140
974  47.720540
975  47.818040
976  47.915640
977  48.013340
978  48.111140
979  48.209040
980  48.307040
981  48.405140
982  48.503340
983  48.601640
984  48.700040
985  48.798540
986  48.897140
987  48.995840
988  49.094640
989  49.193540
990  49.292540
991  49.391640
992  49.490840
993  49.590140
994  49.689540
995  49.789040
996  49.888640
997  49.988340
998  50.088140
999  50.188040
1000  50.288040
1001  50.388140
1002  50.488340
1003  50.588640
1004  50.689040
1005  50.789540
1006  50.890140
1007  50.990840
1008  51.091640
1009  51.192540
1010  51.293540
1011  51.394640
1012  51.495840
1013  51.597140
1014  51.698540
1015  51.800040
1016  51.901640
1017  52.003340
1018  52.105140
1019  52.207040
1020  52.309040
1021  52.411140
1022  52.513340
1023  52.615640
1024  52.718040


# Test Fermat :
# BITS TEMPS
0  0.000000
1  0.000000
2  0.000384
3  0.000001
4  0.000385
5  0.000000
6  0.000375
7  0.000377
8  0.000368
9  0.000395
10  0.000381
11  0.000379
12  0.000367
13  0.000368
14  0.000368
15  0.000384
16  0.000384
17  0.000366
18  0.000379
19  0.000397
20  0.000365
21  0.000364
22  0.000366
23  0.000386
24  0.000381
25  0.000364
26  0.000363
27  0.000376
28  0.000371
29  0.000379
30  0.000366
31  0.000419
32  0.000373
33  0.000364
34  0.000365
35  0.000365
36  0.000425
37  0.000366
38  0.000372
39  0.000391
40  0.000371
41  0.000378
42  0.000378
43  0.000385
44  0.000383
45  0.000375
46  0.000418
47  0.000369
48  0.000370
49  0.000369
50  0.000378
51  0.000376
52  0.000370
53  0.000370
54  0.000371
55  0.000380
56  0.000369
57  0.000370
58  0.000370
59  0.000378
60  0.000387
61  0.000370
62  0.000370
63  0.000416
64  0.000382
65  0.000373
66  0.000370
67  0.000373
68  0.000384
69  0.000381
70  0.000495
71  0.000401
72  0.000434
73  0.000371
74  0.000392
75  0.000372
76  0.000410
77  0.000424
78  0.000397
79  0.000384
80  0.000371
81  0.000370
82  0.000453
83  0.000380
84  0.000371
85  0.000370
86  0.000371
87  0.000378
88  0.000381
89  0.000370
90  0.000372
91  0.000371
92  0.000379
93  0.000428
94  0.000370
95  0.000387
96  0.000371
97  0.000431
98  0.000420
99  0.000378
100  0.000388
101  0.000374
102  0.000374
103  0.000419
104  0.000382
105  0.000375
106  0.000375
107  0.000374
108  0.000387
109  0.000390
110  0.000373
111  0.000373
112  0.000373
113  0.000383
114  0.000381
115  0.000390
116  0.000374
117  0.000389
118  0.000384
119  0.000425
120  0.000388
121  0.000376
122  0.000375
123  0.000375
124  0.000393
125  0.000393
126  0.000384
127  0.000374
128  0.000378
129  0.000402
130  0.000391
131  0.000397
132  0.000400
133  0.000448
134  0.000445
135  0.000388
136  0.000388
137  0.000392
138  0.000407
139  0.000390
140  0.000391
141  0.000399
142  0.000437
143  0.000401
144  0.000392
145  0.000393
146  0.000391
147  0.000394
148  0.000410
149  0.000403
150  0.000402
151  0.000403
152  0.000402
153  0.000404
154  0.000439
155  0.000402
156  0.000409
157  0.000410
158  0.000392
159  0.000393
160  0.000393
161  0.000394
162  0.000396
163  0.000405
164  0.000405
165  0.000459
166  0.000442
167  0.000404
168  0.000404
169  0.000395
170  0.000397
171  0.000396
172  0.000396
173  0.000397
174  0.000404
175  0.000405
176  0.000408
177  0.000454
178  0.000410
179  0.000408
180  0.000407
181  0.000406
182  0.000399
183  0.000401
184  0.000398
185  0.000411
186  0.000450
187  0.000404
188  0.000405
189  0.000423
190  0.000412
191  0.000420
192  0.000450
193  0.000473
194  0.000434
195  0.000438
196  0.000430
197  0.000422
198  0.000435
199  0.000423
200  0.000430
201  0.000435
202  0.000447
203  0.000433
204  0.000435
205  0.000431
206  0.000435
207  0.000451
208  0.000465
209  0.000445
210  0.000492
211  0.000453
212  0.000482
213  0.000438
214  0.000452
215  0.000446
216  0.000448
217  0.000447
218  0.000436
219  0.000440
220  0.000435
221  0.000452
222  0.000436
223  0.000487
224  0.000456
225  0.000440
226  0.000454
227  0.000448
228  0.000449
229  0.000489
230  0.000485
231  0.000455
232  0.000443
233  0.000444
234  0.000457
235  0.000443
236  0.000444
237  0.000444
238  0.000498
239  0.000444
240  0.000446
241  0.000448
242  0.000445
243  0.000446
244  0.000445
245  0.000473
246  0.000453
247  0.000451
248  0.000510
249  0.000450
250  0.000449
251  0.000449
252  0.000467
253  0.000461
254  0.000458
255  0.000448
256  0.000477
257  0.000544
258  0.000491
259  0.000501
260  0.000513
261  0.000459
262  0.000493
263  0.000485
264  0.000492
265  0.000516
266  0.000551
267  0.000485
268  0.000490
269  0.000496
270  0.000494
271  0.000496
272  0.000486
273  0.000501
274  0.000487
275  0.000488
276  0.000510
277  0.000489
278  0.000505
279  0.000494
280  0.000490
281  0.000507
282  0.000502
283  0.000504
284  0.000502
285  0.000502
286  0.000510
287  0.000512
288  0.000556
289  0.000541
290  0.000496
291  0.000509
292  0.000504
293  0.000509
294  0.000514
295  0.000506
296  0.000550
297  0.000552
298  0.000510
299  0.000512
300  0.000526
301  0.000528
302  0.000520
303  0.000524
304  0.000568
305  0.000540
306  0.000522
307  0.000593
308  0.000522
309  0.000554
310  0.000532
311  0.000533
312  0.000523
313  0.000533
314  0.000532
315  0.000574
316  0.000532
317  0.000584
318  0.000656
319  0.000549
320  0.000531
321  0.000575
322  0.000536
323  0.000592
324  0.000586
325  0.000587
326  0.000595
327  0.000589
328  0.000666
329  0.000605
330  0.000600
331  0.000594
332  0.000589
333  0.000625
334  0.000643
335  0.000590
336  0.000602
337  0.000584
338  0.000631
339  0.000584
340  0.000629
341  0.000644
342  0.000596
343  0.000589
344  0.000589
345  0.000590
346  0.000602
347  0.000621
348  0.000597
349  0.000600
350  0.000600
351  0.000674
352  0.000600
353  0.000615
354  0.000601
355  0.000643
356  0.000603
357  0.000607
358  0.000595
359  0.000609
360  0.000617
361  0.000601
362  0.000637
363  0.000693
364  0.000611
365  0.000663
366  0.000603
367  0.000617
368  0.000622
369  0.000667
370  0.000606
371  0.000619
372  0.000614
373  0.000618
374  0.000614
375  0.000644
376  0.000609
377  0.000631
378  0.000609
379  0.000622
380  0.000617
381  0.000661
382  0.000624
383  0.000674
384  0.000633
385  0.000683
386  0.000698
387  0.000699
388  0.000687
389  0.000658
390  0.000743
391  0.000706
392  0.000749
393  0.000749
394  0.000770
395  0.000711
396  0.000698
397  0.000690
398  0.000705
399  0.000695
400  0.000779
401  0.000751
402  0.000752
403  0.000738
404  0.000766
405  0.000787
406  0.000752
407  0.000785
408  0.000774
409  0.000733
410  0.000752
411  0.000752
412  0.000762
413  0.000801
414  0.000767
415  0.000760
416  0.000761
417  0.000755
418  0.000817
419  0.000808
420  0.000777
421  0.000819
422  0.000762
423  0.000764
424  0.000771
425  0.000812
426  0.000783
427  0.000785
428  0.000807
429  0.000765
430  0.000762
431  0.000775
432  0.000773
433  0.000839
434  0.000776
435  0.000776
436  0.000904
437  0.000781
438  0.000817
439  0.000783
440  0.000774
441  0.000782
442  0.000795
443  0.000788
444  0.000790
445  0.000783
446  0.000797
447  0.000788
448  0.000791
449  0.000943
450  0.000905
451  0.000938
452  0.000911
453  0.000910
454  0.000904
455  0.000898
456  0.000903
457  0.000967
458  0.000908
459  0.000902
460  0.000931
461  0.000905
462  0.000909
463  0.000910
464  0.000924
465  0.000915
466  0.000913
467  0.000963
468  0.000921
469  0.000969
470  0.000924
471  0.000920
472  0.000925
473  0.000924
474  0.000963
475  0.000926
476  0.000925
477  0.000922
478  0.000979
479  0.000942
480  0.000931
481  0.000944
482  0.000952
483  0.000937
484  0.000941
485  0.000995
486  0.000943
487  0.000973
488  0.000938
489  0.000947
490  0.000986
491  0.001053
492  0.000946
493  0.000944
494  0.000990
495  0.000971
496  0.000967
497  0.000994
498  0.000965
499  0.000959
500  0.001030
501  0.001034
502  0.001021
503  0.001022
504  0.001018
505  0.001037
506  0.001040
507  0.001019
508  0.001020
509  0.001069
510  0.001034
511  0.001043
512  0.001069
513  0.001107
514  0.001049
515  0.001174
516  0.001177
517  0.001180
518  0.001176
519  0.001237
520  0.001230
521  0.001191
522  0.001214
523  0.001211
524  0.001186
525  0.001238
526  0.001180
527  0.001204
528  0.001194
529  0.001231
530  0.001197
531  0.001194
532  0.001206
533  0.001204
534  0.001201
535  0.001211
536  0.001225
537  0.001220
538  0.001219
539  0.001234
540  0.001254
541  0.001248
542  0.001218
543  0.001229
544  0.001215
545  0.001324
546  0.001259
547  0.001317
548  0.001307
549  0.001221
550  0.001297
551  0.001238
552  0.001245
553  0.001241
554  0.001252
555  0.001243
556  0.001237
557  0.001297
558  0.001264
559  0.001237
560  0.001291
561  0.001247
562  0.001320
563  0.001245
564  0.001301
565  0.001248
566  0.001246
567  0.001292
568  0.001304
569  0.001303
570  0.001276
571  0.001320
572  0.001272
573  0.001277
574  0.001308
575  0.001343
576  0.001300
577  0.001306
578  0.001565
579  0.001480
580  0.001501
581  0.001460
582  0.001505
583  0.001525
584  0.001473
585  0.001474
586  0.001521
587  0.001472
588  0.001498
589  0.001482
590  0.001562
591  0.001511
592  0.001540
593  0.001537
594  0.001534
595  0.001535
596  0.001497
597  0.001530
598  0.001585
599  0.001529
600  0.001662
601  0.001606
602  0.001614
603  0.001646
604  0.001623
605  0.001666
606  0.001608
607  0.001670
608  0.001654
609  0.001618
610  0.001650
611  0.001676
612  0.001674
613  0.001691
614  0.001632
615  0.001666
616  0.001688
617  0.001666
618  0.001630
619  0.001704
620  0.001665
621  0.001656
622  0.001677
623  0.001666
624  0.001657
625  0.001722
626  0.001680
627  0.001720
628  0.001669
629  0.001662
630  0.001712
631  0.001729
632  0.001676
633  0.001675
634  0.001736
635  0.001698
636  0.001679
637  0.001697
638  0.001742
639  0.001788
640  0.001719
641  0.001921
642  0.001937
643  0.001948
644  0.002019
645  0.001938
646  0.001921
647  0.001998
648  0.001999
649  0.001991
650  0.001994
651  0.001948
652  0.001979
653  0.001973
654  0.002010
655  0.001980
656  0.002018
657  0.001962
658  0.001990
659  0.002039
660  0.001980
661  0.002072
662  0.002033
663  0.002013
664  0.002002
665  0.002053
666  0.001998
667  0.002123
668  0.002031
669  0.002049
670  0.002046
671  0.002049
672  0.002014
673  0.002070
674  0.002016
675  0.002058
676  0.002077
677  0.002018
678  0.002021
679  0.002010
680  0.002012
681  0.002038
682  0.002065
683  0.002038
684  0.002106
685  0.002026
686  0.002084
687  0.002021
688  0.002050
689  0.002029
690  0.002066
691  0.002170
692  0.002121
693  0.002049
694  0.002071
695  0.002091
696  0.002108
697  0.002103
698  0.002097
699  0.002068
700  0.002251
701  0.002263
702  0.002213
703  0.002236
704  0.002213
705  0.002223
706  0.002613
707  0.002601
708  0.002623
709  0.002569
710  0.002587
711  0.002626
712  0.002580
713  0.002655
714  0.002580
715  0.002648
716  0.002672
717  0.002656
718  0.002606
719  0.002685
720  0.002597
721  0.002602
722  0.002586
723  0.002633
724  0.002665
725  0.002669
726  0.002660
727  0.002715
728  0.002597
729  0.002643
730  0.002667
731  0.002667
732  0.002670
733  0.002638
734  0.002709
735  0.002639
736  0.002654
737  0.002696
738  0.002648
739  0.002707
740  0.002702
741  0.002711
742  0.002688
743  0.002659
744  0.002660
745  0.002758
746  0.002722
747  0.002672
748  0.002796
749  0.002684
750  0.002741
751  0.002687
752  0.002672
753  0.002690
754  0.002748
755  0.002829
756  0.002718
757  0.002755
758  0.002741
759  0.002728
760  0.002684
761  0.002797
762  0.002764
763  0.002767
764  0.002762
765  0.002762
766  0.002772
767  0.002791
768  0.002778
769  0.002773
770  0.002854
771  0.003214
772  0.003151
773  0.003192
774  0.003215
775  0.003256
776  0.003243
777  0.003227
778  0.003189
779  0.003179
780  0.003218
781  0.003219
782  0.003252
783  0.003286
784  0.003266
785  0.003227
786  0.003245
787  0.003371
788  0.003322
789  0.003311
790  0.003334
791  0.003384
792  0.003338
793  0.003374
794  0.003376
795  0.003337
796  0.003417
797  0.003337
798  0.003380
799  0.003380
800  0.003631
801  0.003621
802  0.003667
803  0.003615
804  0.003663
805  0.003596
806  0.003683
807  0.003660
808  0.003690
809  0.003617
810  0.003685
811  0.003678
812  0.003720
813  0.003739
814  0.003723
815  0.003726
816  0.003693
817  0.003721
818  0.003700
819  0.003702
820  0.003728
821  0.003749
822  0.003693
823  0.003771
824  0.003727
825  0.003741
826  0.003732
827  0.003724
828  0.003746
829  0.003761
830  0.003764
831  0.003791
832  0.003872
833  0.004191
834  0.004216
835  0.004221
836  0.004240
837  0.004203
838  0.004281
839  0.004219
840  0.004222
841  0.004237
842  0.004234
843  0.004337
844  0.004218
845  0.004262
846  0.004250
847  0.004243
848  0.004296
849  0.004261
850  0.004326
851  0.004266
852  0.004287
853  0.004257
854  0.004292
855  0.004300
856  0.004343
857  0.004313
858  0.004300
859  0.004338
860  0.004331
861  0.004354
862  0.004376
863  0.004324
864  0.004337
865  0.004369
866  0.004453
867  0.004338
868  0.004413
869  0.004393
870  0.004386
871  0.004342
872  0.004385
873  0.004376
874  0.004420
875  0.004356
876  0.004408
877  0.004365
878  0.004436
879  0.004396
880  0.004399
881  0.004429
882  0.004394
883  0.004445
884  0.004407
885  0.004549
886  0.004451
887  0.004475
888  0.004378
889  0.004443
890  0.004460
891  0.004442
892  0.004459
893  0.004460
894  0.004449
895  0.004546
896  0.004459
897  0.005077
898  0.005110
899  0.005142
900  0.005456
901  0.005405
902  0.005415
903  0.005410
904  0.005463
905  0.005511
906  0.005490
907  0.005500
908  0.005534
909  0.005530
910  0.005506
911  0.005552
912  0.005530
913  0.005484
914  0.005556
915  0.005516
916  0.005594
917  0.005573
918  0.005582
919  0.005565
920  0.005557
921  0.005578
922  0.005565
923  0.005604
924  0.005626
925  0.005603
926  0.005614
927  0.005607
928  0.005610
929  0.005618
930  0.005640
931  0.005605
932  0.005680
933  0.005647
934  0.005681
935  0.005639
936  0.005666
937  0.005693
938  0.005631
939  0.005686
940  0.005537
941  0.005681
942  0.005700
943  0.005741
944  0.005668
945  0.005665
946  0.005732
947  0.005728
948  0.005729
949  0.005718
950  0.005692
951  0.005687
952  0.005736
953  0.005747
954  0.005742
955  0.005785
956  0.005799
957  0.005753
958  0.005799
959  0.005801
960  0.005794
961  0.006495
962  0.006522
963  0.006527
964  0.006504
965  0.006571
966  0.006531
967  0.006553
968  0.006663
969  0.006510
970  0.006538
971  0.006599
972  0.006569
973  0.006605
974  0.006619
975  0.006595
976  0.006619
977  0.006597
978  0.006570
979  0.006540
980  0.006625
981  0.006608
982  0.006606
983  0.006635
984  0.006648
985  0.006658
986  0.006655
987  0.006655
988  0.006655
989  0.006613
990  0.006751
991  0.006704
992  0.006719
993  0.006703
994  0.006687
995  0.006662
996  0.006702
997  0.006678
998  0.006773
999  0.006814
1000  0.007173
1001  0.007153
1002  0.007170
1003  0.007189
1004  0.007196
1005  0.007235
1006  0.007268
1007  0.007313
1008  0.007196
1009  0.007305
1010  0.007265
1011  0.007235
1012  0.007297
1013  0.007341
1014  0.007322
1015  0.007300
1016  0.007267
1017  0.007303
1018  0.007294
1019  0.007299
1020  0.007304
1021  0.007382
1022  0.007413
1023  0.007340
1024  0.007469


# Test Miller-Rabin :
# BITS TEMPS
0  0.000000
1  0.000000
2  0.000422
3  0.000412
4  0.000369
5  0.000368
6  0.000368
7  0.000418
8  0.000367
9  0.000368
10  0.000370
11  0.000414
12  0.000418
13  0.000368
14  0.000369
15  0.000420
16  0.000420
17  0.000364
18  0.000369
19  0.000366
20  0.000410
21  0.000411
22  0.000382
23  0.000366
24  0.000366
25  0.000410
26  0.000410
27  0.000381
28  0.000364
29  0.000368
30  0.000408
31  0.000421
32  0.000380
33  0.000366
34  0.000412
35  0.000419
36  0.000411
37  0.000365
38  0.000367
39  0.000366
40  0.000419
41  0.000423
42  0.000366
43  0.000366
44  0.000367
45  0.000410
46  0.000412
47  0.000365
48  0.000384
49  0.000379
50  0.000388
51  0.000394
52  0.000386
53  0.000367
54  0.000367
55  0.000413
56  0.000419
57  0.000365
58  0.000367
59  0.000381
60  0.000412
61  0.000437
62  0.000368
63  0.000369
64  0.000371
65  0.000412
66  0.000424
67  0.000389
68  0.000370
69  0.000368
70  0.000415
71  0.000421
72  0.000388
73  0.000386
74  0.000367
75  0.000388
76  0.000436
77  0.000417
78  0.000369
79  0.000371
80  0.000369
81  0.000416
82  0.000414
83  0.000370
84  0.000370
85  0.000370
86  0.000373
87  0.000416
88  0.000421
89  0.000371
90  0.000372
91  0.000372
92  0.000424
93  0.000413
94  0.000372
95  0.000372
96  0.000387
97  0.000374
98  0.000417
99  0.000413
100  0.000400
101  0.000389
102  0.000372
103  0.000376
104  0.000375
105  0.000421
106  0.000432
107  0.000371
108  0.000376
109  0.000373
110  0.000375
111  0.000426
112  0.000418
113  0.000416
114  0.000375
115  0.000377
116  0.000374
117  0.000376
118  0.000421
119  0.000420
120  0.000375
121  0.000376
122  0.000377
123  0.000375
124  0.000419
125  0.000428
126  0.000424
127  0.000377
128  0.000380
129  0.000388
130  0.000392
131  0.000391
132  0.000409
133  0.000434
134  0.000453
135  0.000422
136  0.000435
137  0.000390
138  0.000404
139  0.000408
140  0.000387
141  0.000392
142  0.000392
143  0.000436
144  0.000438
145  0.000435
146  0.000391
147  0.000453
148  0.000439
149  0.000394
150  0.000399
151  0.000395
152  0.000410
153  0.000397
154  0.000397
155  0.000398
156  0.000396
157  0.000397
158  0.000399
159  0.000399
160  0.000399
161  0.000399
162  0.000456
163  0.000459
164  0.000443
165  0.000477
166  0.000444
167  0.000401
168  0.000446
169  0.000451
170  0.000446
171  0.000400
172  0.000401
173  0.000453
174  0.000401
175  0.000402
176  0.000401
177  0.000403
178  0.000403
179  0.000507
180  0.000450
181  0.000458
182  0.000446
183  0.000447
184  0.000448
185  0.000468
186  0.000401
187  0.000404
188  0.000403
189  0.000405
190  0.000404
191  0.000403
192  0.000411
193  0.000428
194  0.000429
195  0.000423
196  0.000426
197  0.000438
198  0.000477
199  0.000467
200  0.000476
201  0.000478
202  0.000435
203  0.000437
204  0.000449
205  0.000477
206  0.000484
207  0.000478
208  0.000437
209  0.000436
210  0.000438
211  0.000481
212  0.000480
213  0.000463
214  0.000508
215  0.000441
216  0.000439
217  0.000437
218  0.000453
219  0.000439
220  0.000498
221  0.000454
222  0.000488
223  0.000439
224  0.000456
225  0.000442
226  0.000441
227  0.000440
228  0.000455
229  0.000489
230  0.000442
231  0.000446
232  0.000443
233  0.000488
234  0.000526
235  0.000444
236  0.000448
237  0.000474
238  0.000490
239  0.000448
240  0.000464
241  0.000449
242  0.000443
243  0.000502
244  0.000496
245  0.000452
246  0.000503
247  0.000449
248  0.000450
249  0.000450
250  0.000450
251  0.000462
252  0.000449
253  0.000505
254  0.000497
255  0.000452
256  0.000457
257  0.000506
258  0.000484
259  0.000531
260  0.000588
261  0.000485
262  0.000533
263  0.000537
264  0.000487
265  0.000486
266  0.000546
267  0.000506
268  0.000528
269  0.000487
270  0.000514
271  0.000540
272  0.000536
273  0.000492
274  0.000540
275  0.000536
276  0.000534
277  0.000534
278  0.000633
279  0.000538
280  0.000492
281  0.000551
282  0.000494
283  0.000541
284  0.000551
285  0.000540
286  0.000536
287  0.000495
288  0.000539
289  0.000541
290  0.000500
291  0.000541
292  0.000542
293  0.000515
294  0.000540
295  0.000543
296  0.000548
297  0.000546
298  0.000565
299  0.000499
300  0.000563
301  0.000518
302  0.000567
303  0.000537
304  0.000568
305  0.000567
306  0.000556
307  0.000523
308  0.000590
309  0.000566
310  0.000527
311  0.000539
312  0.000571
313  0.000569
314  0.000587
315  0.000574
316  0.000579
317  0.000527
318  0.000583
319  0.000532
320  0.000578
321  0.000567
322  0.000621
323  0.000635
324  0.000577
325  0.000622
326  0.000624
327  0.000578
328  0.000629
329  0.000622
330  0.000580
331  0.000583
332  0.000623
333  0.000633
334  0.000628
335  0.000650
336  0.000640
337  0.000612
338  0.000588
339  0.000637
340  0.000629
341  0.000633
342  0.000632
343  0.000635
344  0.000589
345  0.000640
346  0.000585
347  0.000665
348  0.000621
349  0.000592
350  0.000591
351  0.000636
352  0.000637
353  0.000597
354  0.000597
355  0.000640
356  0.000642
357  0.000594
358  0.000616
359  0.000600
360  0.000646
361  0.000660
362  0.000644
363  0.000608
364  0.000629
365  0.000648
366  0.000621
367  0.000651
368  0.000650
369  0.000662
370  0.000650
371  0.000653
372  0.000653
373  0.000653
374  0.000655
375  0.000624
376  0.000612
377  0.000605
378  0.000661
379  0.000626
380  0.000651
381  0.000656
382  0.000610
383  0.000666
384  0.000630
385  0.000665
386  0.000689
387  0.000731
388  0.000733
389  0.000750
390  0.000735
391  0.000743
392  0.000738
393  0.000718
394  0.000748
395  0.000740
396  0.000738
397  0.000753
398  0.000737
399  0.000742
400  0.000743
401  0.000786
402  0.000744
403  0.000784
404  0.000760
405  0.000793
406  0.000747
407  0.000786
408  0.000791
409  0.000796
410  0.000748
411  0.000806
412  0.000790
413  0.000794
414  0.000794
415  0.000792
416  0.000796
417  0.000795
418  0.000806
419  0.000825
420  0.000754
421  0.000812
422  0.000801
423  0.000808
424  0.000802
425  0.000819
426  0.000807
427  0.000811
428  0.000820
429  0.000808
430  0.000806
431  0.000809
432  0.000807
433  0.000793
434  0.000810
435  0.000817
436  0.000818
437  0.000815
438  0.000770
439  0.000815
440  0.000816
441  0.000816
442  0.000772
443  0.000786
444  0.000823
445  0.000928
446  0.000824
447  0.000827
448  0.000834
449  0.000841
450  0.000951
451  0.000945
452  0.000848
453  0.000953
454  0.000962
455  0.000952
456  0.000958
457  0.000940
458  0.000951
459  0.000950
460  0.000950
461  0.000967
462  0.000941
463  0.000948
464  0.000952
465  0.000965
466  0.000965
467  0.000956
468  0.000948
469  0.000952
470  0.000963
471  0.000969
472  0.000959
473  0.000952
474  0.000964
475  0.000985
476  0.000934
477  0.000975
478  0.000963
479  0.000981
480  0.000972
481  0.000982
482  0.000966
483  0.000971
484  0.000991
485  0.000977
486  0.000972
487  0.000973
488  0.000973
489  0.000972
490  0.000981
491  0.000969
492  0.000982
493  0.000999
494  0.000996
495  0.001018
496  0.000988
497  0.000991
498  0.000987
499  0.000985
500  0.001078
501  0.001085
502  0.001063
503  0.001059
504  0.001053
505  0.001121
506  0.001061
507  0.001070
508  0.001088
509  0.001124
510  0.001084
511  0.001081
512  0.001106
513  0.001080
514  0.001116
515  0.001219
516  0.001111
517  0.001212
518  0.001224
519  0.001238
520  0.001233
521  0.001237
522  0.001219
523  0.001216
524  0.001221
525  0.001281
526  0.001267
527  0.001269
528  0.001248
529  0.001226
530  0.001238
531  0.001236
532  0.001275
533  0.001236
534  0.001285
535  0.001281
536  0.001241
537  0.001288
538  0.001290
539  0.001244
540  0.001288
541  0.001260
542  0.001307
543  0.001326
544  0.001257
545  0.001255
546  0.001271
547  0.001313
548  0.001302
549  0.001258
550  0.001260
551  0.001342
552  0.001281
553  0.001267
554  0.001286
555  0.001283
556  0.001284
557  0.001266
558  0.001332
559  0.001317
560  0.001325
561  0.001358
562  0.001274
563  0.001290
564  0.001332
565  0.001284
566  0.001347
567  0.001293
568  0.001307
569  0.001298
570  0.001314
571  0.001349
572  0.001347
573  0.001354
574  0.001334
575  0.001304
576  0.001371
577  0.001514
578  0.001516
579  0.001570
580  0.001536
581  0.001511
582  0.001519
583  0.001549
584  0.001500
585  0.001546
586  0.001558
587  0.001557
588  0.001551
589  0.001548
590  0.001519
591  0.001518
592  0.001570
593  0.001532
594  0.001576
595  0.001536
596  0.001583
597  0.001541
598  0.001582
599  0.001566
600  0.001693
601  0.001648
602  0.001687
603  0.001689
604  0.001713
605  0.001704
606  0.001695
607  0.001659
608  0.001733
609  0.001659
610  0.001707
611  0.001683
612  0.001664
613  0.001680
614  0.001731
615  0.001755
616  0.001715
617  0.001701
618  0.001754
619  0.001727
620  0.001725
621  0.001704
622  0.001732
623  0.001701
624  0.001762
625  0.001696
626  0.001737
627  0.001762
628  0.001736
629  0.001690
630  0.001761
631  0.001760
632  0.001765
633  0.001755
634  0.001745
635  0.001744
636  0.001782
637  0.001766
638  0.001776
639  0.001781
640  0.001757
641  0.001795
642  0.002010
643  0.002004
644  0.002002
645  0.001993
646  0.002023
647  0.002012
648  0.002033
649  0.002030
650  0.002008
651  0.002049
652  0.002049
653  0.002073
654  0.002049
655  0.002051
656  0.002025
657  0.002041
658  0.002069
659  0.002031
660  0.002055
661  0.002078
662  0.002051
663  0.002047
664  0.002050
665  0.002058
666  0.002100
667  0.002048
668  0.002120
669  0.002045
670  0.002060
671  0.002123
672  0.002073
673  0.002117
674  0.002069
675  0.002091
676  0.002097
677  0.002106
678  0.002068
679  0.002112
680  0.002112
681  0.002109
682  0.002102
683  0.002096
684  0.002102
685  0.002120
686  0.002098
687  0.002114
688  0.002119
689  0.002109
690  0.002138
691  0.002119
692  0.002111
693  0.002156
694  0.002164
695  0.002146
696  0.002191
697  0.002152
698  0.002144
699  0.002136
700  0.002374
701  0.002380
702  0.002319
703  0.002338
704  0.002368
705  0.002662
706  0.002344
707  0.002675
708  0.002671
709  0.002689
710  0.002686
711  0.002686
712  0.002695
713  0.002686
714  0.002697
715  0.002718
716  0.002699
717  0.002683
718  0.002653
719  0.002712
720  0.002709
721  0.002717
722  0.002691
723  0.002713
724  0.002702
725  0.002709
726  0.002712
727  0.002726
728  0.002723
729  0.002768
730  0.002731
731  0.002730
732  0.002766
733  0.002688
734  0.002767
735  0.002684
736  0.002732
737  0.002795
738  0.002738
739  0.002766
740  0.002787
741  0.002776
742  0.002770
743  0.002681
744  0.002734
745  0.002663
746  0.002682
747  0.002728
748  0.002726
749  0.002737
750  0.002730
751  0.002712
752  0.002694
753  0.002680
754  0.002721
755  0.002832
756  0.002789
757  0.002848
758  0.002770
759  0.002714
760  0.002747
761  0.002720
762  0.002745
763  0.002751
764  0.002718
765  0.002772
766  0.002777
767  0.002748
768  0.002907
769  0.002726
770  0.003234
771  0.003150
772  0.003148
773  0.003157
774  0.003158
775  0.003271
776  0.003217
777  0.003164
778  0.003190
779  0.003200
780  0.003225
781  0.003188
782  0.003248
783  0.003254
784  0.003247
785  0.003362
786  0.003247
787  0.003210
788  0.003316
789  0.003298
790  0.003358
791  0.003256
792  0.003304
793  0.003309
794  0.003231
795  0.003317
796  0.003284
797  0.003259
798  0.003220
799  0.003268
800  0.003617
801  0.003546
802  0.003480
803  0.003521
804  0.003544
805  0.003543
806  0.003579
807  0.003605
808  0.003572
809  0.003542
810  0.003660
811  0.003574
812  0.003632
813  0.003557
814  0.003635
815  0.003527
816  0.003679
817  0.003650
818  0.003596
819  0.003609
820  0.003570
821  0.003637
822  0.003686
823  0.003624
824  0.003657
825  0.003574
826  0.003606
827  0.003602
828  0.003600
829  0.003669
830  0.003633
831  0.003606
832  0.003631
833  0.004117
834  0.003673
835  0.004175
836  0.004063
837  0.003672
838  0.004067
839  0.004125
840  0.004177
841  0.004134
842  0.004166
843  0.004153
844  0.004138
845  0.004141
846  0.004248
847  0.004218
848  0.004160
849  0.004133
850  0.004148
851  0.004088
852  0.004203
853  0.004200
854  0.004233
855  0.004145
856  0.004235
857  0.004129
858  0.004157
859  0.004225
860  0.004226
861  0.004280
862  0.004210
863  0.004173
864  0.004238
865  0.004262
866  0.004215
867  0.004226
868  0.004292
869  0.004232
870  0.004206
871  0.004265
872  0.004222
873  0.004328
874  0.004341
875  0.004210
876  0.004235
877  0.004349
878  0.004360
879  0.004326
880  0.004278
881  0.004342
882  0.004307
883  0.004288
884  0.004352
885  0.004317
886  0.004365
887  0.004299
888  0.004296
889  0.004305
890  0.004408
891  0.004318
892  0.004308
893  0.004318
894  0.004346
895  0.004402
896  0.004400
897  0.004405
898  0.004369
899  0.004957
900  0.005310
901  0.005337
902  0.005276
903  0.005352
904  0.005352
905  0.005342
906  0.005272
907  0.005326
908  0.005323
909  0.005357
910  0.005445
911  0.005384
912  0.005448
913  0.005364
914  0.005343
915  0.005484
916  0.005342
917  0.005497
918  0.005420
919  0.005442
920  0.005508
921  0.005429
922  0.005472
923  0.005474
924  0.005415
925  0.005473
926  0.005431
927  0.005452
928  0.005496
929  0.005460
930  0.005470
931  0.005395
932  0.005456
933  0.005448
934  0.005403
935  0.005499
936  0.005515
937  0.005457
938  0.005550
939  0.005578
940  0.005476
941  0.005509
942  0.005535
943  0.005560
944  0.005633
945  0.005523
946  0.005581
947  0.005507
948  0.005735
949  0.005542
950  0.005620
951  0.005512
952  0.005570
953  0.005581
954  0.005636
955  0.005652
956  0.005597
957  0.005619
958  0.005687
959  0.005638
960  0.005674
961  0.006259
962  0.006363
963  0.006241
964  0.006355
965  0.006340
966  0.006312
967  0.006376
968  0.006317
969  0.006414
970  0.006399
971  0.006356
972  0.006485
973  0.006349
974  0.006993
975  0.006534
976  0.007347
977  0.007289
978  0.006590
979  0.006668
980  0.006442
981  0.006479
982  0.006541
983  0.006534
984  0.006788
985  0.006903
986  0.007217
987  0.007413
988  0.007216
989  0.007246
990  0.007198
991  0.007222
992  0.007231
993  0.007234
994  0.007783
995  0.007137
996  0.006814
997  0.006694
998  0.006704
999  0.006724
1000  0.007126
1001  0.007000
1002  0.007110
1003  0.007106
1004  0.007112
1005  0.007141
1006  0.007187
1007  0.007070
1008  0.007206
1009  0.007144
1010  0.007093
1011  0.007162
1012  0.007284
1013  0.007132
1014  0.007210
1015  0.007115
1016  0.007152
1017  0.007066
1018  0.007136
1019  0.007294
1020  0.007217
1021  0.007327
1022  0.007518
1023  0.007309
1024  0.007307


# Test Solovay-Strassen :
# BITS TEMPS
0  0.000000
1  0.000000
2  0.000001
3  0.000000
4  0.000397
5  0.000395
6  0.000391
7  0.000387
8  0.000403
9  0.000411
10  0.000390
11  0.000391
12  0.000378
13  0.000398
14  0.000399
15  0.000377
16  0.000396
17  0.000404
18  0.000418
19  0.000394
20  0.000393
21  0.000407
22  0.000402
23  0.000399
24  0.000410
25  0.000378
26  0.000379
27  0.000412
28  0.000409
29  0.000378
30  0.000392
31  0.000377
32  0.000387
33  0.000389
34  0.000377
35  0.000413
36  0.000405
37  0.000393
38  0.000393
39  0.000392
40  0.000390
41  0.000393
42  0.000379
43  0.000379
44  0.000390
45  0.000378
46  0.000396
47  0.000379
48  0.000428
49  0.000388
50  0.000380
51  0.000394
52  0.000381
53  0.000392
54  0.000390
55  0.000381
56  0.000396
57  0.000378
58  0.000391
59  0.000388
60  0.000380
61  0.000384
62  0.000369
63  0.000378
64  0.000378
65  0.000368
66  0.000383
67  0.000376
68  0.000382
69  0.000382
70  0.000370
71  0.000372
72  0.000423
73  0.000384
74  0.000383
75  0.000371
76  0.000373
77  0.000373
78  0.000381
79  0.000372
80  0.000370
81  0.000372
82  0.000373
83  0.000382
84  0.000383
85  0.000372
86  0.000373
87  0.000392
88  0.000382
89  0.000383
90  0.000372
91  0.000374
92  0.000390
93  0.000446
94  0.000391
95  0.000372
96  0.000375
97  0.000375
98  0.000447
99  0.000403
100  0.000377
101  0.000376
102  0.000378
103  0.000423
104  0.000389
105  0.000377
106  0.000378
107  0.000488
108  0.000409
109  0.000403
110  0.000389
111  0.000392
112  0.000393
113  0.000402
114  0.000406
115  0.000400
116  0.000391
117  0.000391
118  0.000390
119  0.000401
120  0.000407
121  0.000412
122  0.000390
123  0.000393
124  0.000392
125  0.000409
126  0.000413
127  0.000410
128  0.000418
129  0.000405
130  0.000422
131  0.000414
132  0.000411
133  0.000409
134  0.000422
135  0.000413
136  0.000424
137  0.000434
138  0.000412
139  0.000435
140  0.000412
141  0.000413
142  0.000411
143  0.000423
144  0.000423
145  0.000430
146  0.000427
147  0.000424
148  0.000415
149  0.000413
150  0.000411
151  0.000414
152  0.000415
153  0.000414
154  0.000416
155  0.000414
156  0.000453
157  0.000416
158  0.000420
159  0.000415
160  0.000434
161  0.000418
162  0.000418
163  0.000418
164  0.000435
165  0.000417
166  0.000417
167  0.000418
168  0.000433
169  0.000438
170  0.000434
171  0.000427
172  0.000428
173  0.000436
174  0.000431
175  0.000431
176  0.000420
177  0.000455
178  0.000416
179  0.000406
180  0.000461
181  0.000464
182  0.000432
183  0.000431
184  0.000432
185  0.000441
186  0.000434
187  0.000433
188  0.000432
189  0.000426
190  0.000427
191  0.000408
192  0.000419
193  0.000413
194  0.000447
195  0.000430
196  0.000422
197  0.000498
198  0.000452
199  0.000431
200  0.000472
201  0.000444
202  0.000444
203  0.000455
204  0.000499
205  0.000456
206  0.000446
207  0.000446
208  0.000445
209  0.000446
210  0.000448
211  0.000444
212  0.000501
213  0.000526
214  0.000490
215  0.000480
216  0.000491
217  0.000471
218  0.000467
219  0.000483
220  0.000468
221  0.000471
222  0.000469
223  0.000484
224  0.000488
225  0.000483
226  0.000492
227  0.000481
228  0.000482
229  0.000474
230  0.000472
231  0.000475
232  0.000490
233  0.000485
234  0.000484
235  0.000485
236  0.000474
237  0.000487
238  0.000460
239  0.000475
240  0.000508
241  0.000504
242  0.000511
243  0.000474
244  0.000472
245  0.000469
246  0.000543
247  0.000466
248  0.000463
249  0.000464
250  0.000482
251  0.000466
252  0.000475
253  0.000486
254  0.000523
255  0.000477
256  0.000469
257  0.000492
258  0.000514
259  0.000511
260  0.000520
261  0.000515
262  0.000503
263  0.000525
264  0.000551
265  0.000506
266  0.000521
267  0.000503
268  0.000520
269  0.000577
270  0.000509
271  0.000519
272  0.000519
273  0.000516
274  0.000529
275  0.000572
276  0.000520
277  0.000527
278  0.000509
279  0.000521
280  0.000537
281  0.000523
282  0.000512
283  0.000512
284  0.000524
285  0.000514
286  0.000528
287  0.000531
288  0.000556
289  0.000515
290  0.000529
291  0.000516
292  0.000535
293  0.000528
294  0.000518
295  0.000585
296  0.000518
297  0.000532
298  0.000523
299  0.000570
300  0.000587
301  0.000560
302  0.000558
303  0.000551
304  0.000546
305  0.000556
306  0.000563
307  0.000546
308  0.000545
309  0.000595
310  0.000560
311  0.000595
312  0.000562
313  0.000551
314  0.000575
315  0.000546
316  0.000601
317  0.000566
318  0.000554
319  0.000612
320  0.000617
321  0.000575
322  0.000607
323  0.000621
324  0.000667
325  0.000681
326  0.000626
327  0.000661
328  0.000634
329  0.000653
330  0.000647
331  0.000648
332  0.000637
333  0.000620
334  0.000623
335  0.000794
336  0.000643
337  0.000635
338  0.000641
339  0.000617
340  0.000614
341  0.000652
342  0.000615
343  0.000678
344  0.000647
345  0.000774
346  0.000620
347  0.000622
348  0.000626
349  0.000750
350  0.000625
351  0.000631
352  0.000639
353  0.000627
354  0.000625
355  0.000638
356  0.000623
357  0.000640
358  0.000641
359  0.000692
360  0.000627
361  0.000688
362  0.000641
363  0.000675
364  0.000652
365  0.000641
366  0.000649
367  0.000632
368  0.000634
369  0.000644
370  0.000843
371  0.000670
372  0.000662
373  0.000677
374  0.000677
375  0.000660
376  0.000662
377  0.000670
378  0.000675
379  0.000656
380  0.000893
381  0.000668
382  0.000657
383  0.000644
384  0.000689
385  0.000808
386  0.000666
387  0.000840
388  0.000730
389  0.000752
390  0.000751
391  0.000724
392  0.000735
393  0.000733
394  0.000779
395  0.000735
396  0.000725
397  0.000724
398  0.000740
399  0.000781
400  0.000794
401  0.000788
402  0.000780
403  0.000790
404  0.000835
405  0.000786
406  0.000783
407  0.000844
408  0.000797
409  0.000792
410  0.000783
411  0.000782
412  0.000812
413  0.000794
414  0.000795
415  0.000802
416  0.000802
417  0.000833
418  0.000823
419  0.000812
420  0.000802
421  0.000852
422  0.000845
423  0.000810
424  0.000796
425  0.000806
426  0.000816
427  0.000807
428  0.000828
429  0.000810
430  0.000847
431  0.000814
432  0.000819
433  0.000822
434  0.000819
435  0.000816
436  0.000814
437  0.000872
438  0.000805
439  0.000816
440  0.000811
441  0.000872
442  0.000858
443  0.000831
444  0.000881
445  0.000857
446  0.000821
447  0.000832
448  0.000857
449  0.000942
450  0.000997
451  0.000944
452  0.000945
453  0.000984
454  0.000952
455  0.000966
456  0.000986
457  0.000950
458  0.000954
459  0.000949
460  0.000991
461  0.000967
462  0.001009
463  0.000954
464  0.000969
465  0.000966
466  0.000988
467  0.000964
468  0.000971
469  0.001011
470  0.001012
471  0.000965
472  0.000993
473  0.000981
474  0.000967
475  0.000971
476  0.000979
477  0.001034
478  0.000969
479  0.000989
480  0.001000
481  0.000978
482  0.000988
483  0.000993
484  0.000983
485  0.000996
486  0.000990
487  0.000996
488  0.001042
489  0.000986
490  0.001017
491  0.000992
492  0.001002
493  0.000993
494  0.001040
495  0.000997
496  0.001020
497  0.001031
498  0.001008
499  0.001045
500  0.001067
501  0.001072
502  0.001087
503  0.001092
504  0.001077
505  0.001109
506  0.001116
507  0.001086
508  0.001126
509  0.001086
510  0.001138
511  0.001138
512  0.001125
513  0.001228
514  0.001122
515  0.001286
516  0.001281
517  0.001241
518  0.001287
519  0.001251
520  0.001273
521  0.001249
522  0.001255
523  0.001294
524  0.001267
525  0.001254
526  0.001459
527  0.001298
528  0.001286
529  0.001257
530  0.001608
531  0.001328
532  0.001319
533  0.001530
534  0.001278
535  0.001302
536  0.001288
537  0.001282
538  0.001295
539  0.001295
540  0.001303
541  0.001397
542  0.001268
543  0.001318
544  0.001307
545  0.001289
546  0.001422
547  0.001278
548  0.001285
549  0.001286
550  0.001331
551  0.001341
552  0.001313
553  0.001314
554  0.001327
555  0.001341
556  0.001310
557  0.001301
558  0.001345
559  0.001360
560  0.001351
561  0.001348
562  0.001348
563  0.001327
564  0.001346
565  0.001354
566  0.001351
567  0.001385
568  0.001365
569  0.001329
570  0.001356
571  0.001386
572  0.001391
573  0.001344
574  0.001380
575  0.001324
576  0.001345
577  0.001346
578  0.001329
579  0.001521
580  0.001377
581  0.001535
582  0.001647
583  0.001592
584  0.001542
585  0.001751
586  0.001559
587  0.001538
588  0.001632
589  0.001539
590  0.001554
591  0.001581
592  0.001562
593  0.001554
594  0.001626
595  0.001555
596  0.001602
597  0.001578
598  0.001713
599  0.001571
600  0.001758
601  0.001826
602  0.001760
603  0.001747
604  0.001770
605  0.001783
606  0.001791
607  0.001703
608  0.001913
609  0.001774
610  0.001772
611  0.001705
612  0.001795
613  0.001731
614  0.001823
615  0.001724
616  0.001800
617  0.001731
618  0.001748
619  0.001741
620  0.001742
621  0.001726
622  0.001746
623  0.001747
624  0.001742
625  0.001731
626  0.001789
627  0.001866
628  0.001800
629  0.001762
630  0.001930
631  0.001750
632  0.001823
633  0.001802
634  0.002146
635  0.001812
636  0.001792
637  0.001841
638  0.001795
639  0.001814
640  0.001772
641  0.001811
642  0.002108
643  0.001792
644  0.002067
645  0.002110
646  0.002052
647  0.002051
648  0.002020
649  0.002034
650  0.002024
651  0.002238
652  0.002248
653  0.002056
654  0.002116
655  0.002047
656  0.002034
657  0.002083
658  0.002133
659  0.002082
660  0.002085
661  0.002065
662  0.002125
663  0.002137
664  0.002115
665  0.002088
666  0.002215
667  0.002143
668  0.002137
669  0.002317
670  0.002145
671  0.002123
672  0.002242
673  0.002141
674  0.002136
675  0.002136
676  0.002133
677  0.002088
678  0.002120
679  0.002122
680  0.002146
681  0.002146
682  0.002208
683  0.002170
684  0.002166
685  0.002212
686  0.002158
687  0.002161
688  0.002194
689  0.002144
690  0.002144
691  0.002190
692  0.002195
693  0.002146
694  0.002239
695  0.002226
696  0.002158
697  0.002247
698  0.002190
699  0.002201
700  0.002383
701  0.002371
702  0.002385
703  0.002390
704  0.002372
705  0.002368
706  0.002684
707  0.002722
708  0.002698
709  0.002724
710  0.002655
711  0.002858
712  0.002697
713  0.002725
714  0.002822
715  0.002883
716  0.002742
717  0.002764
718  0.002673
719  0.002696
720  0.002727
721  0.002786
722  0.002974
723  0.002765
724  0.002735
725  0.002792
726  0.002787
727  0.002727
728  0.002776
729  0.002751
730  0.002747
731  0.002744
732  0.002713
733  0.002770
734  0.002750
735  0.002754
736  0.002801
737  0.002822
738  0.002789
739  0.002818
740  0.002792
741  0.002798
742  0.002827
743  0.002829
744  0.002823
745  0.002760
746  0.002804
747  0.002795
748  0.003010
749  0.002820
750  0.002827
751  0.002822
752  0.002822
753  0.002811
754  0.002801
755  0.002876
756  0.002806
757  0.002857
758  0.002867
759  0.002868
760  0.002879
761  0.002845
762  0.003000
763  0.002875
764  0.002885
765  0.002855
766  0.002954
767  0.002931
768  0.002879
769  0.002966
770  0.003336
771  0.002826
772  0.002889
773  0.003319
774  0.003317
775  0.003276
776  0.003344
777  0.003306
778  0.003298
779  0.003303
780  0.003375
781  0.003308
782  0.003299
783  0.003346
784  0.003318
785  0.003278
786  0.003354
787  0.003363
788  0.003352
789  0.003323
790  0.003398
791  0.003446
792  0.003426
793  0.003331
794  0.003452
795  0.003508
796  0.003423
797  0.003397
798  0.003394
799  0.003424
800  0.003654
801  0.003685
802  0.003651
803  0.003625
804  0.003683
805  0.003689
806  0.003640
807  0.003686
808  0.003738
809  0.003735
810  0.003737
811  0.003717
812  0.003669
813  0.003707
814  0.003687
815  0.003737
816  0.003851
817  0.004071
818  0.003757
819  0.004008
820  0.003684
821  0.003712
822  0.003690
823  0.003783
824  0.003751
825  0.003777
826  0.003782
827  0.003756
828  0.003874
829  0.003799
830  0.003765
831  0.003809
832  0.003946
833  0.004223
834  0.004558
835  0.004299
836  0.004326
837  0.004244
838  0.004325
839  0.004504
840  0.004606
841  0.004270
842  0.004352
843  0.004285
844  0.004305
845  0.004328
846  0.004257
847  0.005055
848  0.004290
849  0.004388
850  0.004363
851  0.004323
852  0.004287
853  0.004358
854  0.004319
855  0.004292
856  0.004439
857  0.004320
858  0.004376
859  0.004360
860  0.004321
861  0.004379
862  0.004323
863  0.004456
864  0.004490
865  0.004549
866  0.004428
867  0.004455
868  0.004491
869  0.004623
870  0.004555
871  0.004559
872  0.004492
873  0.004599
874  0.004396
875  0.004408
876  0.004560
877  0.004451
878  0.004378
879  0.004761
880  0.004576
881  0.004563
882  0.004376
883  0.004551
884  0.004562
885  0.004525
886  0.004460
887  0.004462
888  0.004529
889  0.004754
890  0.004598
891  0.004555
892  0.004494
893  0.004538
894  0.004499
895  0.004482
896  0.004594
897  0.004570
898  0.005089
899  0.005205
900  0.005426
901  0.005450
902  0.005485
903  0.005480
904  0.005474
905  0.005507
906  0.005504
907  0.005505
908  0.005603
909  0.005594
910  0.005511
911  0.005506
912  0.005567
913  0.005594
914  0.005587
915  0.005525
916  0.005610
917  0.005534
918  0.005634
919  0.005622
920  0.005577
921  0.005539
922  0.005591
923  0.005517
924  0.005864
925  0.005707
926  0.005630
927  0.005603
928  0.005750
929  0.005658
930  0.005740
931  0.005755
932  0.005682
933  0.005673
934  0.005653
935  0.005637
936  0.005694
937  0.005690
938  0.005822
939  0.005664
940  0.005818
941  0.006037
942  0.005936
943  0.005938
944  0.005827
945  0.005867
946  0.005890
947  0.005889
948  0.005889
949  0.005891
950  0.005895
951  0.005815
952  0.005855
953  0.005921
954  0.005897
955  0.005927
956  0.005926
957  0.005902
958  0.005927
959  0.005940
960  0.005934
961  0.006669
962  0.006639
963  0.006677
964  0.006664
965  0.006714
966  0.006701
967  0.006709
968  0.006675
969  0.006609
970  0.006701
971  0.006721
972  0.006733
973  0.006724
974  0.006701
975  0.006768
976  0.006705
977  0.006781
978  0.006733
979  0.006709
980  0.006724
981  0.006721
982  0.006797
983  0.006795
984  0.006741
985  0.006797
986  0.006848
987  0.006794
988  0.006828
989  0.006878
990  0.006823
991  0.006819
992  0.006863
993  0.006854
994  0.006958
995  0.006875
996  0.006894
997  0.006921
998  0.006882
999  0.006897
1000  0.007424
1001  0.007314
1002  0.007327
1003  0.007420
1004  0.007363
1005  0.007404
1006  0.007415
1007  0.007174
1008  0.007267
1009  0.007263
1010  0.007458
1011  0.007319
1012  0.007268
1013  0.007168
1014  0.007232
1015  0.007206
1016  0.007250
1017  0.007348
1018  0.007270
1019  0.007254
1020  0.007376
1021  0.007229
1022  0.007258
1023  0.007190
1024  0.007406


# Test AKS :
# BITS TEMPS
0  0.000000
1  0.000000
2  0.000002
3  0.000055
4  0.000050
5  0.000115
6  0.000186
7  0.000660
8  0.000209
9  0.001069
10  0.001120
11  0.001270
12  0.000410
13  0.000775
14  0.002260
15  0.008880
16  0.001002
17  0.005463
18  0.001205
19  0.000742
20  0.001808
21  0.005990
22  0.006231
23  0.024235
24  0.006482
25  0.002028
26  0.002255
27  0.014572
28  0.012850
29  0.004259
30  0.003963
31  0.004276
32  0.013833
33  0.012545
34  0.004137
35  0.014699
36  0.006131
37  0.024875
38  0.006500
39  0.006881
40  0.019669
41  0.008140
42  0.021800
43  0.008940
44  0.024302
45  0.041582
46  0.041501
47  0.010170
48  0.030204
49  0.011431
50  0.011306
51  0.030268
52  0.034371
53  0.012605
54  0.013623
55  0.035583
56  0.014159
57  0.061202
58  0.151970
59  0.017199
60  0.016711
61  0.017793
62  0.017779
63  0.049802
64  0.015860
65  0.019577
66  0.108776
67  0.024794
68  0.025150
69  0.125541
70  0.075468
71  0.027628
72  0.029532
73  0.130564
74  0.035785
75  0.103265
76  0.088733
77  0.097553
78  0.156982
79  0.042883
80  0.049452
81  0.123055
82  0.040948
83  0.040090
84  0.423483
85  0.040913
86  0.117617
87  0.044060
88  0.041059
89  0.131251
90  0.048362
91  0.047708
92  0.050746
93  0.048368
94  0.057434
95  0.166746
96  0.178379
97  0.059828
98  0.160411
99  0.165902
100  0.060470
101  0.175794
102  0.062158
103  0.275283
104  0.170033
105  0.062357
106  0.193686
107  0.194974
108  0.196291
109  0.070890
110  0.280311
111  0.072859
112  0.303426
113  0.324565
114  0.077455
115  0.073705
116  0.224501
117  0.077527
118  0.079301
119  0.231724
120  0.230542
121  0.248136
122  0.254599
123  0.087571
124  0.255333
125  0.244347
126  0.093429
127  0.268130
128  0.259049
129  0.257726
130  0.116803
131  0.352647
132  0.120054
133  0.568115
134  0.123927
135  0.118633
136  0.377969
137  0.375914
138  0.125276
139  0.123163
140  0.135736
141  0.416941
142  0.136005
143  0.142226
144  0.660398
145  0.138887
146  0.141891
147  0.432604
148  0.675390
149  0.137431
150  0.462909
151  0.146269
152  0.480738
153  0.461195
154  0.501711
155  0.472717
156  0.166201
157  0.510150
158  0.510882
159  0.172062
160  0.182985
161  0.833922
162  0.571629
163  0.193658
164  0.193609
165  0.573486
166  0.187602
167  0.186528
168  0.895812
169  0.192589
170  0.573642
171  0.921891
172  0.964975
173  0.636566
174  0.265172
175  0.224856
176  0.221859
177  0.727371
178  0.304690
179  0.225970
180  0.244368
181  1.150952
182  0.236854
183  0.249062
184  0.750572
185  1.104844
186  0.395254
187  1.095098
188  1.191107
189  0.246954
190  0.257594
191  0.287279
192  0.852997
193  0.252332
194  1.036286
195  0.318829
196  0.345330
197  0.297184
198  0.288128
199  0.297554
200  0.949982
201  0.318436
202  3.848629
203  0.310211
204  0.312142
205  1.481896
206  0.313420
207  1.062725
208  1.114035
209  0.358351
210  1.125038
211  1.167784
212  0.362585
213  1.089891
214  0.346360
215  1.074380
216  0.352006
217  0.356572
218  0.350637
219  4.567929
220  0.394405
221  1.172725
222  1.149593
223  4.578221
224  0.373271
225  1.186657
226  0.395182
227  1.243365
228  0.447288
229  0.408242
230  0.403770
231  1.240615
232  0.398641
233  0.418757
234  0.408139
235  0.421616
236  0.415550
237  0.410629
238  0.428205
239  0.432296
240  1.432519
241  0.436319
242  1.382541
243  1.409995
244  0.447172
245  0.451407
246  0.455416
247  0.447896
248  0.486182
249  2.171509
250  1.420704
251  1.538189
252  0.478915
253  0.516930
254  1.574659
255  0.506710
256  2.433924
257  0.547346
258  1.584238
259  0.526176
260  0.569950
261  0.595637
262  2.623723
263  1.716803
264  0.571292
265  1.873443
266  0.543568
267  0.558732
268  0.553469
269  1.785865
270  0.568663
271  0.566138
272  1.821636
273  0.580661
274  0.583336
275  0.579642
276  1.901819
277  0.602786
278  1.872897
279  0.625494
280  1.866741
281  0.619347
282  0.626492
283  3.054886
284  0.646236
285  1.968514
286  0.640073
287  2.050283
288  2.066846
289  0.674348
290  0.705374
291  0.693985
292  0.674895
293  0.667737
294  2.146299
295  3.439754
296  2.340639
297  0.712877
298  2.279929
299  2.276807
300  2.281140
301  0.702655
302  2.263570
303  2.378546
304  0.757820
305  0.766213
306  0.721151
307  10.293717
308  9.912955
309  0.775662
310  2.506630
311  0.852997
312  0.874304
313  0.871946
314  0.874312
315  0.866877
316  0.856022
317  2.729632
318  2.504560
319  2.596226
320  2.834944
321  0.848958
322  0.920927
323  4.604733
324  0.868371
325  0.857686
326  2.768915
327  2.756960
328  0.882497
329  2.866655
330  0.865684
331  2.867547
332  0.906943
333  2.893189
334  3.001014
335  0.931490
336  2.892315
337  0.909354
338  2.943526
339  0.914441
340  0.935657
341  0.938172
342  2.995214
343  3.049368
344  3.055413
345  0.958380
346  3.140581
347  3.127728
348  1.006721
349  0.997255
350  1.026988
351  3.238273
352  3.215423
353  0.998683
354  5.226603
355  1.025406
356  3.376303
357  3.502464
358  1.052233
359  3.336805
360  1.068072
361  3.429382
362  1.057914
363  14.399279
364  38.850087
365  3.397124
366  3.433724
367  3.470424
368  3.507224
369  3.544124
370  3.581124
371  3.618224
372  3.655424
373  3.692724
374  3.730124
375  3.767624
376  3.805224
377  3.842924
378  3.880724
379  3.918624
380  3.956624
381  3.994724
382  4.032924
383  4.071224
384  4.109624
385  4.148124
386  4.186724
387  4.225424
388  4.264224
389  4.303124
390  4.342124
391  4.381224
392  4.420424
393  4.459724
394  4.499124
395  4.538624
396  4.578224
397  4.617924
398  4.657724
399  4.697624
400  4.737624
401  4.777724
402  4.817924
403  4.858224
404  4.898624
405  4.939124
406  4.979724
407  5.020424
408  5.061224
409  5.102124
410  5.143124
411  5.184224
412  5.225424
413  5.266724
414  5.308124
415  5.349624
416  5.391224
417  5.432924
418  5.474724
419  5.516624
420  5.558624
421  5.600724
422  5.642924
423  5.685224
424  5.727624
425  5.770124
426  5.812724
427  5.855424
428  5.898224
429  5.941124
430  5.984124
431  6.027224
432  6.070424
433  6.113724
434  6.157124
435  6.200624
436  6.244224
437  6.287924
438  6.331724
439  6.375624
440  6.419624
441  6.463724
442  6.507924
443  6.552224
444  6.596624
445  6.641124
446  6.685724
447  6.730424
448  6.775224
449  6.820124
450  6.865124
451  6.910224
452  6.955424
453  7.000724
454  7.046124
455  7.091624
456  7.137224
457  7.182924
458  7.228724
459  7.274624
460  7.320624
461  7.366724
462  7.412924
463  7.459224
464  7.505624
465  7.552124
466  7.598724
467  7.645424
468  7.692224
469  7.739124
470  7.786124
471  7.833224
472  7.880424
473  7.927724
474  7.975124
475  8.022624
476  8.070224
477  8.117924
478  8.165724
479  8.213624
480  8.261624
481  8.309724
482  8.357924
483  8.406224
484  8.454624
485  8.503124
486  8.551724
487  8.600424
488  8.649224
489  8.698124
490  8.747124
491  8.796224
492  8.845424
493  8.894724
494  8.944124
495  8.993624
496  9.043224
497  9.092924
498  9.142724
499  9.192624
500  9.242624
501  9.292724
502  9.342924
503  9.393224
504  9.443624
505  9.494124
506  9.544724
507  9.595424
508  9.646224
509  9.697124
510  9.748124
511  9.799224
512  9.850424
513  9.901724
514  9.953124
515  10.004624
516  10.056224
517  10.107924
518  10.159724
519  10.211624
520  10.263624
521  10.315724
522  10.367924
523  10.420224
524  10.472624
525  10.525124
526  10.577724
527  10.630424
528  10.683224
529  10.736124
530  10.789124
531  10.842224
532  10.895424
533  10.948724
534  11.002124
535  11.055624
536  11.109224
537  11.162924
538  11.216724
539  11.270624
540  11.324624
541  11.378724
542  11.432924
543  11.487224
544  11.541624
545  11.596124
546  11.650724
547  11.705424
548  11.760224
549  11.815124
550  11.870124
551  11.925224
552  11.980424
553  12.035724
554  12.091124
555  12.146624
556  12.202224
557  12.257924
558  12.313724
559  12.369624
560  12.425624
561  12.481724
562  12.537924
563  12.594224
564  12.650624
565  12.707124
566  12.763724
567  12.820424
568  12.877224
569  12.934124
570  12.991124
571  13.048224
572  13.105424
573  13.162724
574  13.220124
575  13.277624
576  13.335224
577  13.392924
578  13.450724
579  13.508624
580  13.566624
581  13.624724
582  13.682924
583  13.741224
584  13.799624
585  13.858124
586  13.916724
587  13.975424
588  14.034224
589  14.093124
590  14.152124
591  14.211224
592  14.270424
593  14.329724
594  14.389124
595  14.448624
596  14.508224
597  14.567924
598  14.627724
599  14.687624
600  14.747624
601  14.807724
602  14.867924
603  14.928224
604  14.988624
605  15.049124
606  15.109724
607  15.170424
608  15.231224
609  15.292124
610  15.353124
611  15.414224
612  15.475424
613  15.536724
614  15.598124
615  15.659624
616  15.721224
617  15.782924
618  15.844724
619  15.906624
620  15.968624
621  16.030724
622  16.092924
623  16.155224
624  16.217624
625  16.280124
626  16.342724
627  16.405424
628  16.468224
629  16.531124
630  16.594124
631  16.657224
632  16.720424
633  16.783724
634  16.847124
635  16.910624
636  16.974224
637  17.037924
638  17.101724
639  17.165624
640  17.229624
641  17.293724
642  17.357924
643  17.422224
644  17.486624
645  17.551124
646  17.615724
647  17.680424
648  17.745224
649  17.810124
650  17.875124
651  17.940224
652  18.005424
653  18.070724
654  18.136124
655  18.201624
656  18.267224
657  18.332924
658  18.398724
659  18.464624
660  18.530624
661  18.596724
662  18.662924
663  18.729224
664  18.795624
665  18.862124
666  18.928724
667  18.995424
668  19.062224
669  19.129124
670  19.196124
671  19.263224
672  19.330424
673  19.397724
674  19.465124
675  19.532624
676  19.600224
677  19.667924
678  19.735724
679  19.803624
680  19.871624
681  19.939724
682  20.007924
683  20.076224
684  20.144624
685  20.213124
686  20.281724
687  20.350424
688  20.419224
689  20.488124
690  20.557124
691  20.626224
692  20.695424
693  20.764724
694  20.834124
695  20.903624
696  20.973224
697  21.042924
698  21.112724
699  21.182624
700  21.252624
701  21.322724
702  21.392924
703  21.463224
704  21.533624
705  21.604124
706  21.674724
707  21.745424
708  21.816224
709  21.887124
710  21.958124
711  22.029224
712  22.100424
713  22.171724
714  22.243124
715  22.314624
716  22.386224
717  22.457924
718  22.529724
719  22.601624
720  22.673624
721  22.745724
722  22.817924
723  22.890224
724  22.962624
725  23.035124
726  23.107724
727  23.180424
728  23.253224
729  23.326124
730  23.399124
731  23.472224
732  23.545424
733  23.618724
734  23.692124
735  23.765624
736  23.839224
737  23.912924
738  23.986724
739  24.060624
740  24.134624
741  24.208724
742  24.282924
743  24.357224
744  24.431624
745  24.506124
746  24.580724
747  24.655424
748  24.730224
749  24.805124
750  24.880124
751  24.955224
752  25.030424
753  25.105724
754  25.181124
755  25.256624
756  25.332224
757  25.407924
758  25.483724
759  25.559624
760  25.635624
761  25.711724
762  25.787924
763  25.864224
764  25.940624
765  26.017124
766  26.093724
767  26.170424
768  26.247224
769  26.324124
770  26.401124
771  26.478224
772  26.555424
773  26.632724
774  26.710124
775  26.787624
776  26.865224
777  26.942924
778  27.020724
779  27.098624
780  27.176624
781  27.254724
782  27.332924
783  27.411224
784  27.489624
785  27.568124
786  27.646724
787  27.725424
788  27.804224
789  27.883124
790  27.962124
791  28.041224
792  28.120424
793  28.199724
794  28.279124
795  28.358624
796  28.438224
797  28.517924
798  28.597724
799  28.677624
800  28.757624
801  28.837724
802  28.917924
803  28.998224
804  29.078624
805  29.159124
806  29.239724
807  29.320424
808  29.401224
809  29.482124
810  29.563124
811  29.644224
812  29.725424
813  29.806724
814  29.888124
815  29.969624
816  30.051224
817  30.132924
818  30.214724
819  30.296624
820  30.378624
821  30.460724
822  30.542924
823  30.625224
824  30.707624
825  30.790124
826  30.872724
827  30.955424
828  31.038224
829  31.121124
830  31.204124
831  31.287224
832  31.370424
833  31.453724
834  31.537124
835  31.620624
836  31.704224
837  31.787924
838  31.871724
839  31.955624
840  32.039624
841  32.123724
842  32.207924
843  32.292224
844  32.376624
845  32.461124
846  32.545724
847  32.630424
848  32.715224
849  32.800124
850  32.885124
851  32.970224
852  33.055424
853  33.140724
854  33.226124
855  33.311624
856  33.397224
857  33.482924
858  33.568724
859  33.654624
860  33.740624
861  33.826724
862  33.912924
863  33.999224
864  34.085624
865  34.172124
866  34.258724
867  34.345424
868  34.432224
869  34.519124
870  34.606124
871  34.693224
872  34.780424
873  34.867724
874  34.955124
875  35.042624
876  35.130224
877  35.217924
878  35.305724
879  35.393624
880  35.481624
881  35.569724
882  35.657924
883  35.746224
884  35.834624
885  35.923124
886  36.011724
887  36.100424
888  36.189224
889  36.278124
890  36.367124
891  36.456224
892  36.545424
893  36.634724
894  36.724124
895  36.813624
896  36.903224
897  36.992924
898  37.082724
899  37.172624
900  37.262624
901  37.352724
902  37.442924
903  37.533224
904  37.623624
905  37.714124
906  37.804724
907  37.895424
908  37.986224
909  38.077124
910  38.168124
911  38.259224
912  38.350424
913  38.441724
914  38.533124
915  38.624624
916  38.716224
917  38.807924
918  38.899724
919  38.991624
920  39.083624
921  39.175724
922  39.267924
923  39.360224
924  39.452624
925  39.545124
926  39.637724
927  39.730424
928  39.823224
929  39.916124
930  40.009124
931  40.102224
932  40.195424
933  40.288724
934  40.382124
935  40.475624
936  40.569224
937  40.662924
938  40.756724
939  40.850624
940  40.944624
941  41.038724
942  41.132924
943  41.227224
944  41.321624
945  41.416124
946  41.510724
947  41.605424
948  41.700224
949  41.795124
950  41.890124
951  41.985224
952  42.080424
953  42.175724
954  42.271124
955  42.366624
956  42.462224
957  42.557924
958  42.653724
959  42.749624
960  42.845624
961  42.941724
962  43.037924
963  43.134224
964  43.230624
965  43.327124
966  43.423724
967  43.520424
968  43.617224
969  43.714124
970  43.811124
971  43.908224
972  44.005424
973  44.102724
974  44.200124
975  44.297624
976  44.395224
977  44.492924
978  44.590724
979  44.688624
980  44.786624
981  44.884724
982  44.982924
983  45.081224
984  45.179624
985  45.278124
986  45.376724
987  45.475424
988  45.574224
989  45.673124
990  45.772124
991  45.871224
992  45.970424
993  46.069724
994  46.169124
995  46.268624
996  46.368224
997  46.467924
998  46.567724
999  46.667624
1000  46.767624
1001  46.867724
1002  46.967924
1003  47.068224
1004  47.168624
1005  47.269124
1006  47.369724
1007  47.470424
1008  47.571224
1009  47.672124
1010  47.773124
1011  47.874224
1012  47.975424
1013  48.076724
1014  48.178124
1015  48.279624
1016  48.381224
1017  48.482924
1018  48.584724
1019  48.686624
1020  48.788624
1021  48.890724
1022  48.992924
1023  49.095224
1024  49.197624


